0.000000000000000000e+00 0.000000000000000000e+00
-9.448773775315701118e-03 4.909909111835689122e-02
-4.724419826704098768e-02 1.636690776402224129e-02
-3.779542449172527963e-02 -3.273218335433464993e-02
9.448773775315701118e-03 -4.909909111835689122e-02
4.724419826704098768e-02 -1.636690776402224129e-02
3.779542449172527963e-02 3.273218335433464993e-02
6.614174546567813673e-02 -1.145650881716523684e-01
5.669297239435093505e-02 -6.546600071146277400e-02
1.889754755063140224e-02 -9.819818223671378243e-02
2.834632202993559932e-02 -1.472972770132379705e-01
7.559051853700535228e-02 -1.636641756318419627e-01
1.133859447887018701e-01 -1.309320014229255480e-01
1.039371703093976695e-01 -8.183290664640137380e-02
-6.614174546567813673e-02 1.145650881716523684e-01
-7.559051853700535228e-02 1.636641756318419627e-01
-1.133859447887018701e-01 1.309320014229255480e-01
-1.039371703093976695e-01 8.183290664640137380e-02
-5.669297239435093505e-02 6.546600071146277400e-02
-1.889754755063140224e-02 9.819818223671378243e-02
-2.834632202993559932e-02 1.472972770132379705e-01
1.322834909313562735e-01 -2.291301763433047367e-01
1.228347178600290718e-01 -1.800310888831151424e-01
8.503929160833255396e-02 -2.127632630920315571e-01
9.448806749561373952e-02 -2.618623651848903666e-01
1.417322668186374590e-01 -2.782292784361635185e-01
1.795276865962127100e-01 -2.454970902985664505e-01
1.700789107089315244e-01 -1.963979882057076409e-01
-1.322834909313562735e-01 2.291301763433047367e-01
-1.417322668186374590e-01 2.782292784361635185e-01
-1.795276865962127100e-01 2.454970902985664505e-01
-1.700789107089315244e-01 1.963979882057076409e-01
-1.228347178600290718e-01 1.800310888831151424e-01
-8.503929160833255396e-02 2.127632630920315571e-01
-9.448806749561373952e-02 2.618623651848903666e-01
1.984252327388671411e-01 -3.436952652189456114e-01
1.889764568515859278e-01 -2.945961631260868296e-01
1.511810370740107046e-01 -3.273283512636839254e-01
1.606298129612918624e-01 -3.764274533565427072e-01
2.078740086261482989e-01 -3.927943673118044488e-01
2.456792542410957125e-01 -3.600602882611095845e-01
2.362304783538145270e-01 -3.109611861682508027e-01
-1.984252327388671411e-01 3.436952652189456114e-01
-2.078740086261482989e-01 3.927943673118044488e-01
-2.456792542410957125e-01 3.600602882611095845e-01
-2.362304783538145270e-01 3.109611861682508027e-01
-1.889764568515859278e-01 2.945961631260868296e-01
-1.511810370740107046e-01 3.273283512636839254e-01
-1.606298129612918624e-01 3.764274533565427072e-01
2.645768003837501436e-01 -4.582584631814887732e-01
2.551280244964689303e-01 -4.091593610886299914e-01
2.173227788815215444e-01 -4.418934401393248002e-01
2.267715491368947900e-01 -4.909925129668451516e-01
2.740255762710313014e-01 -5.073575652743476105e-01
3.118209977330331784e-01 -4.746253464634349606e-01
3.023722274776599606e-01 -4.255262736359146092e-01
-2.645768003837501436e-01 4.582584631814887732e-01
-2.740255762710313014e-01 5.073575652743476105e-01
-3.118209977330331784e-01 4.746253464634349606e-01
-3.023722274776599606e-01 4.255262736359146092e-01
-2.551280244964689303e-01 4.091593610886299914e-01
-2.173227788815215444e-01 4.418934401393248002e-01
-2.267715491368947900e-01 4.909925129668451516e-01
3.307185495075955495e-01 -5.728235506491526907e-01
3.212697736203143917e-01 -5.237244485562938534e-01
2.834743521583125148e-01 -5.564566673672063368e-01
2.929231167817777370e-01 -6.055557109293883133e-01
3.401673253948767073e-01 -6.219226527420114170e-01
3.779627468568785842e-01 -5.891904339310989336e-01
3.685139822334133619e-01 -5.400913903689169571e-01
-3.307185495075955495e-01 5.728235506491526907e-01
-3.401673253948767073e-01 6.219226527420114170e-01
-3.779627468568785842e-01 5.891904339310989336e-01
-3.685139822334133619e-01 5.400913903689169571e-01
-3.212697736203143917e-01 5.237244485562938534e-01
-2.834743521583125148e-01 5.564566673672063368e-01
-2.929231167817777370e-01 6.055557109293883133e-01
3.968602986314410108e-01 -6.873886381168164972e-01
3.874115227441597975e-01 -6.382895360239577709e-01
3.496161012821579206e-01 -6.710217548348702543e-01
3.590648659056231984e-01 -7.201207983970522308e-01
4.063090745187221686e-01 -7.364877402096753345e-01
4.441044959807241010e-01 -7.037555213987627400e-01
4.346557313572588233e-01 -6.546564778365807635e-01
-3.968602986314410108e-01 6.873886381168164972e-01
-4.063090745187221686e-01 7.364877402096753345e-01
-4.441044959807241010e-01 7.037555213987627400e-01
-4.346557313572588233e-01 6.546564778365807635e-01
-3.874115227441597975e-01 6.382895360239577709e-01
-3.496161012821579206e-01 6.710217548348702543e-01
-3.590648659056231984e-01 7.201207983970522308e-01
4.630020477552864722e-01 -8.019537255844803036e-01
4.535532718680053144e-01 -7.528546234916215774e-01
4.157578504060033264e-01 -7.855868423025341718e-01
4.252066150294686597e-01 -8.346858858647161483e-01
4.724508236425676300e-01 -8.510528276773391410e-01
5.102462451045695069e-01 -8.183206088664266575e-01
5.007974804811042846e-01 -7.692215653042446810e-01
-4.630020477552864722e-01 8.019537255844803036e-01
-4.724508236425676300e-01 8.510528276773391410e-01
-5.102462451045695069e-01 8.183206088664266575e-01
-5.007974804811042846e-01 7.692215653042446810e-01
-4.535532718680053144e-01 7.528546234916215774e-01
-4.157578504060033264e-01 7.855868423025341718e-01
-4.252066150294686597e-01 8.346858858647161483e-01
5.291437968791319335e-01 -9.165188130521442211e-01
5.196950209918507202e-01 -8.674197109592853838e-01
4.818995995298488433e-01 -9.001519297701979783e-01
4.913483641533141211e-01 -9.492509733323798438e-01
5.385925615025971558e-01 -9.656178566143260866e-01
5.763879942284149127e-01 -9.328856963340904640e-01
5.669392296049496904e-01 -8.837866527719085985e-01
-5.291437968791319335e-01 9.165188130521442211e-01
-5.385925615025971558e-01 9.656178566143260866e-01
-5.763879942284149127e-01 9.328856963340904640e-01
-5.669392296049496904e-01 8.837866527719085985e-01
-5.196950209918507202e-01 8.674197109592853838e-01
-4.818995995298488433e-01 9.001519297701979783e-01
-4.913483641533141211e-01 9.492509733323798438e-01
1.322838173676399720e-01 -1.632877698321683058e-06
1.228350435923242640e-01 4.909745824065857300e-02
8.503962275876626731e-02 1.636527559031241211e-02
9.448839653408197536e-02 -3.273381552804448258e-02
1.417325914949499055e-01 -4.910072582513885786e-02
1.795378378138857978e-01 -1.636665043261132518e-02
1.700890640385701036e-01 3.273244068574556603e-02
1.984353860685056925e-01 -1.145648363274923975e-01
1.889866115892014919e-01 -6.546574155096820946e-02
1.511813645662771211e-01 -9.819981328532845222e-02
1.606301376376043089e-01 -1.472989007455180466e-01
2.078841591398329081e-01 -1.636639237876819919e-01
2.456795862337427527e-01 -1.309317342421079111e-01
2.362308131624155372e-01 -8.183264678191831676e-02
6.614207520813486507e-02 1.145634578270261911e-01
5.669330072883066451e-02 1.636625526035503930e-01
1.889787729308812711e-02 1.309303637619647909e-01
2.834665036441533226e-02 8.183127630177519651e-02
7.559084898345055925e-02 6.546436670866929985e-02
1.133862694650143166e-01 9.819655118809911265e-02
1.039374963936871010e-01 1.472956386482887070e-01
2.645771351923511538e-01 -2.291299237951563150e-01
2.551283593050699405e-01 -1.800308217022975055e-01
2.173329322111601236e-01 -2.127630112478715863e-01
2.267817080984413092e-01 -2.618621133407303958e-01
2.740259054477243716e-01 -2.782289966226766387e-01
3.118213381735421286e-01 -2.454968363424409605e-01
3.023725622862609708e-01 -1.963977342495821787e-01
3.311504337133452935e-07 2.291285386823439796e-01
-9.448444736847472214e-03 2.782276407752027891e-01
-4.724386817259001309e-02 2.454954519336171592e-01
-3.779509510126280447e-02 1.963963644734275649e-01
9.449104221760921962e-03 1.800294512221543852e-01
4.724452765750346284e-02 2.127616400637399874e-01
3.779575458617625422e-02 2.618607275239295817e-01
3.307188843161965597e-01 -3.436950112628201492e-01
3.212701084289153464e-01 -2.945959091699613674e-01
2.834746813350055294e-01 -3.273280987155354205e-01
2.929234572222867428e-01 -3.764272008083942578e-01
3.401676545715697775e-01 -3.927940840903405562e-01
3.779630872973876454e-01 -3.600619238101048780e-01
3.685143114101064321e-01 -3.109628217172460407e-01
-6.614141431524442338e-02 3.436936268539963479e-01
-7.559019020252560894e-02 3.927927289468551297e-01
-1.133856136382681568e-01 3.600605401052694998e-01
-1.039368377509869712e-01 3.109614380124107180e-01
-5.669264405987119865e-02 2.945945540264759410e-01
-1.889721499222069695e-02 3.273267136027231405e-01
-2.834599087950188251e-02 3.764258156955819223e-01
3.968606278081340810e-01 -4.582600694651455808e-01
3.874118575527608632e-01 -4.091609966376252294e-01
3.496164304588509908e-01 -4.418931861831993380e-01
3.590652063461321486e-01 -4.909922882760581753e-01
4.063094036954152943e-01 -5.073591715580043626e-01
4.441048364212330513e-01 -4.746270112777687955e-01
4.346560605339518935e-01 -4.255279091849099582e-01
-1.322831597809225601e-01 4.582587150256486885e-01
-1.417319300362958057e-01 5.073577878531690954e-01
-1.795273591039462935e-01 4.746256282769218959e-01
-1.700785832166651079e-01 4.255265261840631141e-01
-1.228343895255493423e-01 4.091596421981283371e-01
-8.503896045789884062e-02 4.418918017743755366e-01
-9.448773634518002618e-02 4.909909038672343184e-01
4.630023769319795424e-01 -5.728251569328094428e-01
4.535536123085142646e-01 -5.237261133706274663e-01
4.157581795826964521e-01 -5.564582736508631999e-01
4.252069554699776655e-01 -6.055573757437219262e-01
4.724511528192607002e-01 -6.219242590256682801e-01
5.102465855450785126e-01 -5.891920987454325465e-01
5.007978096577972993e-01 -5.400929966525738202e-01
-1.984249108785086646e-01 5.728238324626394595e-01
-2.078736755019739424e-01 6.219228760248214360e-01
-2.456691009114571611e-01 5.891907171525627707e-01
-2.362203250241759478e-01 5.400916150597039334e-01
-1.889761349912274790e-01 5.237247303697807332e-01
-1.511807059235769912e-01 5.564568899460279328e-01
-1.606294818108581768e-01 6.055559920388867701e-01
5.291441260558249482e-01 -6.873902444004733603e-01
5.196953614323596149e-01 -6.382912008382913838e-01
4.818999287065418580e-01 -6.710233611185270064e-01
4.913487045938230713e-01 -7.201224632113858437e-01
5.385929019431061615e-01 -7.364893464933321976e-01
5.763883346689239184e-01 -7.037571862130964639e-01
5.669395587816427051e-01 -6.546580841202376266e-01
-2.645666526860195322e-01 6.873889213382803343e-01
-2.740154173094847545e-01 7.364879649004623108e-01
-3.118206685563401637e-01 7.037539151151058769e-01
-3.023718926690589504e-01 6.546548130222471507e-01
-2.551178767987383189e-01 6.382898192454214970e-01
-2.173224513892551002e-01 6.710219781176802734e-01
-2.267712272765363135e-01 7.201210802105389996e-01
5.952858751796703540e-01 -8.019553318681372778e-01
5.858371105562051318e-01 -7.528562883059553013e-01
5.480416778303873748e-01 -7.855884485861909239e-01
5.574904537176684771e-01 -8.346875506790497612e-01
6.047346510669515673e-01 -8.510544339609960041e-01
6.425300837927694353e-01 -8.183222736807603814e-01
6.330813079054882220e-01 -7.692231715879015441e-01
-3.307182203309024793e-01 8.019521193008235516e-01
-3.401669849543678126e-01 8.510511628630055281e-01
-3.779624176801855695e-01 8.183190025827697944e-01
-3.685136417929043562e-01 7.692199004899110681e-01
-3.212694444436213215e-01 7.528530172079647143e-01
-2.834641931967659678e-01 7.855870669933211481e-01
-2.929129690840471811e-01 8.346861690861798744e-01
6.614276243035158709e-01 -9.165204193358010842e-01
6.519788596800506486e-01 -8.674213757736192187e-01
6.141834269542327807e-01 -9.001535360538548414e-01
6.236321915776980029e-01 -9.492525796160367069e-01
6.708764114546129642e-01 -9.656195799593366713e-01
7.086816255411672039e-01 -9.328854159285805414e-01
6.992328609177019816e-01 -8.837863723663986759e-01
-3.968599694547479406e-01 9.165172067684874690e-01
-4.063087340782132184e-01 9.656162503306693345e-01
-4.441041668040309753e-01 9.328840900504337119e-01
-4.346553909167498175e-01 8.837849879575748746e-01
-3.874111935674667828e-01 8.674181046756286317e-01
-3.496157608416489704e-01 9.001502649558642544e-01
-3.590645367289301282e-01 9.492493670487230917e-01
-4.630017185785934020e-01 1.031082294236151276e+00
-4.724504832020586242e-01 1.080181337798333141e+00
-5.102459159278764922e-01 1.047449177518097629e+00
-5.007971513044111589e-01 9.983501339559154308e-01
-4.535529314274963086e-01 9.819831336126155774e-01
-4.157575212293103117e-01 1.014715410954204922e+00
-4.252062858527755895e-01 1.063814454516387009e+00
-1.322838173676399720e-01 1.632877698321683058e-06
-1.417325914949499055e-01 4.910072582513885786e-02
-1.795378378138857978e-01 1.636665043261132518e-02
-1.700890640385701036e-01 -3.273244068574556603e-02
-1.228350435923242640e-01 -4.909745824065857300e-02
-8.503962275876626731e-02 -1.636527559031241211e-02
-9.448839653408197536e-02 3.273381552804448258e-02
-6.614207520813486507e-02 -1.145634578270261911e-01
-7.559084898345055925e-02 -6.546436670866929985e-02
-1.133862694650143166e-01 -9.819655118809911265e-02
-1.039374963936871010e-01 -1.472956386482887070e-01
-5.669330072883066451e-02 -1.636625526035503930e-01
-1.889787729308812711e-02 -1.309303637619647909e-01
-2.834665036441533226e-02 -8.183127630177519651e-02
-1.984353860685056925e-01 1.145648363274923975e-01
-2.078841591398329081e-01 1.636639237876819919e-01
-2.456795862337427527e-01 1.309317342421079111e-01
-2.362308131624155372e-01 8.183264678191831676e-02
-1.889866115892014919e-01 6.546574155096820946e-02
-1.511813645662771211e-01 9.819981328532845222e-02
-1.606301376376043089e-01 1.472989007455180466e-01
-3.311504337133452935e-07 -2.291285386823439796e-01
-9.449104221760921962e-03 -1.800294512221543852e-01
-4.724452765750346284e-02 -2.127616400637399874e-01
-3.779575458617625422e-02 -2.618607275239295817e-01
9.448444736847472214e-03 -2.782276407752027891e-01
4.724386817259001309e-02 -2.454954519336171592e-01
3.779509510126280447e-02 -1.963963644734275649e-01
-2.645771351923511538e-01 2.291299237951563150e-01
-2.740259054477243716e-01 2.782289966226766387e-01
-3.118213381735421286e-01 2.454968363424409605e-01
-3.023725622862609708e-01 1.963977342495821787e-01
-2.551283593050699405e-01 1.800308217022975055e-01
-2.173329322111601236e-01 2.127630112478715863e-01
-2.267817080984413092e-01 2.618621133407303958e-01
6.614141431524442338e-02 -3.436936268539963479e-01
5.669264405987119865e-02 -2.945945540264759410e-01
1.889721499222069695e-02 -3.273267136027231405e-01
2.834599087950188251e-02 -3.764258156955819223e-01
7.559019020252560894e-02 -3.927927289468551297e-01
1.133856136382681568e-01 -3.600605401052694998e-01
1.039368377509869712e-01 -3.109614380124107180e-01
-3.307188843161965597e-01 3.436950112628201492e-01
-3.401676545715697775e-01 3.927940840903405562e-01
-3.779630872973876454e-01 3.600619238101048780e-01
-3.685143114101064321e-01 3.109628217172460407e-01
-3.212701084289153464e-01 2.945959091699613674e-01
-2.834746813350055294e-01 3.273280987155354205e-01
-2.929234572222867428e-01 3.764272008083942578e-01
1.322831597809225601e-01 -4.582587150256486885e-01
1.228343895255493423e-01 -4.091596421981283371e-01
8.503896045789884062e-02 -4.418918017743755366e-01
9.448773634518002618e-02 -4.909909038672343184e-01
1.417319300362958057e-01 -5.073577878531690954e-01
1.795273591039462935e-01 -4.746256282769218959e-01
1.700785832166651079e-01 -4.255265261840631141e-01
-3.968606278081340810e-01 4.582600694651455808e-01
-4.063094036954152943e-01 5.073591715580043626e-01
-4.441048364212330513e-01 4.746270112777687955e-01
-4.346560605339518935e-01 4.255279091849099582e-01
-3.874118575527608632e-01 4.091609966376252294e-01
-3.496164304588509908e-01 4.418931861831993380e-01
-3.590652063461321486e-01 4.909922882760581753e-01
1.984249108785086646e-01 -5.728238324626394595e-01
1.889761349912274790e-01 -5.237247303697807332e-01
1.511807059235769912e-01 -5.564568899460279328e-01
1.606294818108581768e-01 -6.055559920388867701e-01
2.078736755019739424e-01 -6.219228760248214360e-01
2.456691009114571611e-01 -5.891907171525627707e-01
2.362203250241759478e-01 -5.400916150597039334e-01
-4.630023769319795424e-01 5.728251569328094428e-01
-4.724511528192607002e-01 6.219242590256682801e-01
-5.102465855450785126e-01 5.891920987454325465e-01
-5.007978096577972993e-01 5.400929966525738202e-01
-4.535536123085142646e-01 5.237261133706274663e-01
-4.157581795826964521e-01 5.564582736508631999e-01
-4.252069554699776655e-01 6.055573757437219262e-01
2.645666526860195322e-01 -6.873889213382803343e-01
2.551178767987383189e-01 -6.382898192454214970e-01
2.173224513892551002e-01 -6.710219781176802734e-01
2.267712272765363135e-01 -7.201210802105389996e-01
2.740154173094847545e-01 -7.364879649004623108e-01
3.118206685563401637e-01 -7.037539151151058769e-01
3.023718926690589504e-01 -6.546548130222471507e-01
-5.291441260558249482e-01 6.873902444004733603e-01
-5.385929019431061615e-01 7.364893464933321976e-01
-5.763883346689239184e-01 7.037571862130964639e-01
-5.669395587816427051e-01 6.546580841202376266e-01
-5.196953614323596149e-01 6.382912008382913838e-01
-4.818999287065418580e-01 6.710233611185270064e-01
-4.913487045938230713e-01 7.201224632113858437e-01
3.307182203309024793e-01 -8.019521193008235516e-01
3.212694444436213215e-01 -7.528530172079647143e-01
2.834641931967659678e-01 -7.855870669933211481e-01
2.929129690840471811e-01 -8.346861690861798744e-01
3.401669849543678126e-01 -8.510511628630055281e-01
3.779624176801855695e-01 -8.183190025827697944e-01
3.685136417929043562e-01 -7.692199004899110681e-01
-5.952858751796703540e-01 8.019553318681372778e-01
-6.047346510669515673e-01 8.510544339609960041e-01
-6.425300837927694353e-01 8.183222736807603814e-01
-6.330813079054882220e-01 7.692231715879015441e-01
-5.858371105562051318e-01 7.528562883059553013e-01
-5.480416778303873748e-01 7.855884485861909239e-01
-5.574904537176684771e-01 8.346875506790497612e-01
3.968599694547479406e-01 -9.165172067684874690e-01
3.874111935674667828e-01 -8.674181046756286317e-01
3.496157608416489704e-01 -9.001502649558642544e-01
3.590645367289301282e-01 -9.492493670487230917e-01
4.063087340782132184e-01 -9.656162503306693345e-01
4.441041668040309753e-01 -9.328840900504337119e-01
4.346553909167498175e-01 -8.837849879575748746e-01
-6.614276243035158709e-01 9.165204193358010842e-01
-6.708764114546129642e-01 9.656195799593366713e-01
-7.086816255411672039e-01 9.328854159285805414e-01
-6.992328609177019816e-01 8.837863723663986759e-01
-6.519788596800506486e-01 8.674213757736192187e-01
-6.141834269542327807e-01 9.001535360538548414e-01
-6.236321915776980029e-01 9.492525796160367069e-01
4.630017185785934020e-01 -1.031082294236151276e+00
4.535529314274963086e-01 -9.819831336126155774e-01
4.157575212293103117e-01 -1.014715410954204922e+00
4.252062858527755895e-01 -1.063814454516387009e+00
4.724504832020586242e-01 -1.080181337798333141e+00
5.102459159278764922e-01 -1.047449177518097629e+00
5.007971513044111589e-01 -9.983501339559154308e-01
2.645774678889866727e-01 -1.373434321917665901e-06
2.551286941136709507e-01 4.909771768403497355e-02
2.173332659637783881e-01 1.636553362571182418e-02
2.267820400910883216e-01 -3.273355932172871546e-02
2.740262416643023391e-01 -4.910046455267880888e-02
3.118216701661892243e-01 -1.636828232343930795e-02
3.023728960388792908e-01 3.273081062400123170e-02
3.307192163088436554e-01 -1.145664572438185036e-01
3.212704432375164121e-01 -6.546736978362890924e-02
2.834750161436065397e-01 -9.819955932920299002e-02
2.929237892149337830e-01 -1.472986467893925844e-01
3.401679893801708432e-01 -1.636655447040080980e-01
3.779634192900346301e-01 -1.309333697911032046e-01
3.685146462187074423e-01 -8.183428233091359638e-02
1.984357180611527327e-01 1.145637176915092481e-01
1.889869449898255171e-01 1.636628051516988425e-01
1.511915164879387152e-01 1.309306229224593554e-01
1.606402902632544094e-01 8.183153180410246419e-02
2.078844921884626662e-01 6.546462474406872234e-02
2.456799203383552566e-01 9.819680880239187171e-02
2.362311465630395624e-01 1.472958999207487629e-01
3.968609682486430312e-01 -2.291315593441515808e-01
3.874121923613618734e-01 -1.800324572512927990e-01
3.496167652674520565e-01 -2.127646467968669075e-01
3.590655355228252743e-01 -2.618637196243872589e-01
4.063097385040163045e-01 -2.782306321716719877e-01
4.441051655979261215e-01 -2.454984426260978514e-01
4.346563953425529037e-01 -1.963993697985775000e-01
1.322939689373072991e-01 2.291288051591731378e-01
1.228451958659800836e-01 2.782278926193627044e-01
8.503995025103269767e-02 2.454938135686678957e-01
9.448872332235989935e-02 1.963947261084783014e-01
1.417427420086345147e-01 1.800297176989835435e-01
1.795381719184983016e-01 2.127618926118884368e-01
1.700893988471711138e-01 2.618609800720780312e-01
4.630027173724884926e-01 -3.436966468118154427e-01
4.535539414852072793e-01 -2.945975447189566054e-01
4.157585143912974623e-01 -3.273297342645307695e-01
4.252072846466706801e-01 -3.764288070920511764e-01
4.724514876278617104e-01 -3.927957196393357941e-01
5.102469147217715273e-01 -3.600635300937617411e-01
5.007981444663982540e-01 -3.109644572662413342e-01
6.614240410837828044e-02 3.436919884890470289e-01
5.669362822109709488e-02 3.927910905819058107e-01
1.889820844352184392e-02 3.600589024443087705e-01
2.834697869889506866e-02 3.109598296167883635e-01
7.559117436375151211e-02 2.945929156615266775e-01
1.133964199786988980e-01 3.273269947122214862e-01
1.039476497233256802e-01 3.764260675397418932e-01
5.291444664963339539e-01 -4.582617342794793602e-01
5.196956906090527406e-01 -4.091626321866205229e-01
4.819002578832349282e-01 -4.418947924668561456e-01
4.913490337705161415e-01 -4.909938945597149829e-01
5.385932423836150562e-01 -5.073608363723380865e-01
5.763886638456170441e-01 -4.746286175614256031e-01
5.669398879583358308e-01 -4.255295154685667658e-01
6.623008674266905871e-07 4.582570773646879592e-01
-9.448113586413758869e-03 5.073561794575467410e-01
-4.724353702215629974e-02 4.746239906159611111e-01
-3.779476676678306807e-02 4.255249177884407596e-01
9.449432556240658365e-03 4.091580045371675523e-01
4.724485233381590932e-02 4.418901926747646480e-01
3.779608207844267764e-02 4.909892655022849994e-01
5.952862156201793598e-01 -5.728268217471431667e-01
5.858374397328982575e-01 -5.237277196542844404e-01
5.480420070070803895e-01 -5.564598799345200630e-01
5.574907828943616028e-01 -6.055589820273789003e-01
6.047349915074605731e-01 -6.219259238400020040e-01
6.425402168578306927e-01 -5.891918183399227349e-01
6.330914409705495904e-01 -5.400927162470638976e-01
-6.614108316481071004e-02 5.728221655363402443e-01
-7.558985905209189560e-02 6.219212676291990816e-01
-1.133852881197423973e-01 5.891891080529518820e-01
-1.039365122324612117e-01 5.400900059600931558e-01
-5.669230727752953142e-02 5.237230634434814069e-01
-1.889688947369494443e-02 5.564552815504055783e-01
-2.834566536097612999e-02 6.055543836432643046e-01
6.614377686323931194e-01 -6.873900225256402985e-01
6.519889927451119060e-01 -6.382909204327814612e-01
6.141837561309257953e-01 -6.710249674021839805e-01
6.236325320182070087e-01 -7.201240694950428178e-01
6.708865445196743327e-01 -7.364891246184991358e-01
7.086819367163378347e-01 -7.037569114394945924e-01
6.992331608290566214e-01 -6.546578093466357551e-01
-1.322828286304888468e-01 6.873872537079926959e-01
-1.417316045177700323e-01 7.364863558008514222e-01
-1.795270335854205201e-01 7.037541962246043337e-01
-1.700782576981393346e-01 6.546550941317454964e-01
-1.228340527432076612e-01 6.382881516151338586e-01
-8.503863493937308116e-02 6.710203697220578078e-01
-9.448741082665426672e-02 7.201194718149166452e-01
7.275794884909001503e-01 -8.019551156252121560e-01
7.181307126036189370e-01 -7.528560135323533187e-01
6.803353091431395550e-01 -7.855881681806811123e-01
6.897840850304207683e-01 -8.346872702735398386e-01
7.370282643781813636e-01 -8.510542177180709933e-01
7.748237151055217264e-01 -8.183219932752504588e-01
7.653749392182405131e-01 -7.692228911823917326e-01
-1.984245740961669835e-01 8.019523418796451475e-01
-2.078733499834481691e-01 8.510514439725038738e-01
-2.456687790510986846e-01 8.183192843962566743e-01
-2.362200031638174713e-01 7.692201823033978370e-01
-1.889757982088857979e-01 7.528532397867863102e-01
-1.511803804050512179e-01 7.855854578937102595e-01
-1.606291562923324034e-01 8.346845599865690968e-01
-2.645663195618451202e-01 9.165174300512973771e-01
-2.740150954491263335e-01 9.656165321441562144e-01
-3.118105208586094967e-01 9.328843732718975490e-01
-3.023617449713283389e-01 8.837852711790387117e-01
-2.551175436745639624e-01 8.674183279584386508e-01
-2.173221258707293546e-01 9.001505460653627111e-01
-2.267709017580105402e-01 9.492496481582215484e-01
-3.307080726331719234e-01 1.031082577457615113e+00
-3.401568372566371457e-01 1.080181621019797200e+00
-3.779620885034925548e-01 1.047447571234440655e+00
-3.685133013523954615e-01 9.983484106109049572e-01
-3.212592854820748300e-01 9.819834168340794145e-01
-2.834638600725916113e-01 1.014715575706338191e+00
-2.929126472236887047e-01 1.063814736329874000e+00
-2.645774678889866727e-01 1.373434321917665901e-06
-2.740262416643023391e-01 4.910046455267880888e-02
-3.118216701661892243e-01 1.636828232343930795e-02
-3.023728960388792908e-01 -3.273081062400123170e-02
-2.551286941136709507e-01 -4.909771768403497355e-02
-2.173332659637783881e-01 -1.636553362571182418e-02
-2.267820400910883216e-01 3.273355932172871546e-02
-1.984357180611527327e-01 -1.145637176915092481e-01
-2.078844921884626662e-01 -6.546462474406872234e-02
-2.456799203383552566e-01 -9.819680880239187171e-02
-2.362311465630395624e-01 -1.472958999207487629e-01
-1.889869449898255171e-01 -1.636628051516988425e-01
-1.511915164879387152e-01 -1.309306229224593554e-01
-1.606402902632544094e-01 -8.183153180410246419e-02
-3.307192163088436554e-01 1.145664572438185036e-01
-3.401679893801708432e-01 1.636655447040080980e-01
-3.779634192900346301e-01 1.309333697911032046e-01
-3.685146462187074423e-01 8.183428233091359638e-02
-3.212704432375164121e-01 6.546736978362890924e-02
-2.834750161436065397e-01 9.819955932920299002e-02
-2.929237892149337830e-01 1.472986467893925844e-01
-1.322939689373072991e-01 -2.291288051591731378e-01
-1.417427420086345147e-01 -1.800297176989835435e-01
-1.795381719184983016e-01 -2.127618926118884368e-01
-1.700893988471711138e-01 -2.618609800720780312e-01
-1.228451958659800836e-01 -2.782278926193627044e-01
-8.503995025103269767e-02 -2.454938135686678957e-01
-9.448872332235989935e-02 -1.963947261084783014e-01
-3.968609682486430312e-01 2.291315593441515808e-01
-4.063097385040163045e-01 2.782306321716719877e-01
-4.441051655979261215e-01 2.454984426260978514e-01
-4.346563953425529037e-01 1.963993697985775000e-01
-3.874121923613618734e-01 1.800324572512927990e-01
-3.496167652674520565e-01 2.127646467968669075e-01
-3.590655355228252743e-01 2.618637196243872589e-01
-6.614240410837828044e-02 -3.436919884890470289e-01
-7.559117436375151211e-02 -2.945929156615266775e-01
-1.133964199786988980e-01 -3.273269947122214862e-01
-1.039476497233256802e-01 -3.764260675397418932e-01
-5.669362822109709488e-02 -3.927910905819058107e-01
-1.889820844352184392e-02 -3.600589024443087705e-01
-2.834697869889506866e-02 -3.109598296167883635e-01
-4.630027173724884926e-01 3.436966468118154427e-01
-4.724514876278617104e-01 3.927957196393357941e-01
-5.102469147217715273e-01 3.600635300937617411e-01
-5.007981444663982540e-01 3.109644572662413342e-01
-4.535539414852072793e-01 2.945975447189566054e-01
-4.157585143912974623e-01 3.273297342645307695e-01
-4.252072846466706801e-01 3.764288070920511764e-01
-6.623008674266905871e-07 -4.582570773646879592e-01
-9.449432556240658365e-03 -4.091580045371675523e-01
-4.724485233381590932e-02 -4.418901926747646480e-01
-3.779608207844267764e-02 -4.909892655022849994e-01
9.448113586413758869e-03 -5.073561794575467410e-01
4.724353702215629974e-02 -4.746239906159611111e-01
3.779476676678306807e-02 -4.255249177884407596e-01
-5.291444664963339539e-01 4.582617342794793602e-01
-5.385932423836150562e-01 5.073608363723380865e-01
-5.763886638456170441e-01 4.746286175614256031e-01
-5.669398879583358308e-01 4.255295154685667658e-01
-5.196956906090527406e-01 4.091626321866205229e-01
-4.819002578832349282e-01 4.418947924668561456e-01
-4.913490337705161415e-01 4.909938945597149829e-01
6.614108316481071004e-02 -5.728221655363402443e-01
5.669230727752953142e-02 -5.237230634434814069e-01
1.889688947369494443e-02 -5.564552815504055783e-01
2.834566536097612999e-02 -6.055543836432643046e-01
7.558985905209189560e-02 -6.219212676291990816e-01
1.133852881197423973e-01 -5.891891080529518820e-01
1.039365122324612117e-01 -5.400900059600931558e-01
-5.952862156201793598e-01 5.728268217471431667e-01
-6.047349915074605731e-01 6.219259238400020040e-01
-6.425402168578306927e-01 5.891918183399227349e-01
-6.330914409705495904e-01 5.400927162470638976e-01
-5.858374397328982575e-01 5.237277196542844404e-01
-5.480420070070803895e-01 5.564598799345200630e-01
-5.574907828943616028e-01 6.055589820273789003e-01
1.322828286304888468e-01 -6.873872537079926959e-01
1.228340527432076612e-01 -6.382881516151338586e-01
8.503863493937308116e-02 -6.710203697220578078e-01
9.448741082665426672e-02 -7.201194718149166452e-01
1.417316045177700323e-01 -7.364863558008514222e-01
1.795270335854205201e-01 -7.037541962246043337e-01
1.700782576981393346e-01 -6.546550941317454964e-01
-6.614377686323931194e-01 6.873900225256402985e-01
-6.708865445196743327e-01 7.364891246184991358e-01
-7.086819367163378347e-01 7.037569114394945924e-01
-6.992331608290566214e-01 6.546578093466357551e-01
-6.519889927451119060e-01 6.382909204327814612e-01
-6.141837561309257953e-01 6.710249674021839805e-01
-6.236325320182070087e-01 7.201240694950428178e-01
1.984245740961669835e-01 -8.019523418796451475e-01
1.889757982088857979e-01 -7.528532397867863102e-01
1.511803804050512179e-01 -7.855854578937102595e-01
1.606291562923324034e-01 -8.346845599865690968e-01
2.078733499834481691e-01 -8.510514439725038738e-01
2.456687790510986846e-01 -8.183192843962566743e-01
2.362200031638174713e-01 -7.692201823033978370e-01
-7.275794884909001503e-01 8.019551156252121560e-01
-7.370282643781813636e-01 8.510542177180709933e-01
-7.748237151055217264e-01 8.183219932752504588e-01
-7.653749392182405131e-01 7.692228911823917326e-01
-7.181307126036189370e-01 7.528560135323533187e-01
-6.803353091431395550e-01 7.855881681806811123e-01
-6.897840850304207683e-01 8.346872702735398386e-01
2.645663195618451202e-01 -9.165174300512973771e-01
2.551175436745639624e-01 -8.674183279584386508e-01
2.173221258707293546e-01 -9.001505460653627111e-01
2.267709017580105402e-01 -9.492496481582215484e-01
2.740150954491263335e-01 -9.656165321441562144e-01
3.118105208586094967e-01 -9.328843732718975490e-01
3.023617449713283389e-01 -8.837852711790387117e-01
3.307080726331719234e-01 -1.031082577457615113e+00
3.212592854820748300e-01 -9.819834168340794145e-01
2.834638600725916113e-01 -1.014715575706338191e+00
2.929126472236887047e-01 -1.063814736329874000e+00
3.401568372566371457e-01 -1.080181621019797200e+00
3.779620885034925548e-01 -1.047447571234440655e+00
3.685133013523954615e-01 -9.983484106109049572e-01
3.968613002412900714e-01 -3.005325149907367432e-06
3.874125261139801379e-01 4.909608762229063228e-02
3.496170979640875753e-01 1.636390356396748291e-02
3.590658717394032418e-01 -3.273518755438940830e-02
4.063100733126172592e-01 -4.910209278533950172e-02
4.441055018145040889e-01 -1.636991055610000079e-02
4.346567280391884225e-01 3.272918056225689043e-02
4.630030493651354773e-01 -1.145680927928137832e-01
4.535542762938082895e-01 -6.546900533262418886e-02
4.157588463839445025e-01 -9.820118024552909608e-02
4.252076194552716903e-01 -1.473002677057186904e-01
4.724518224364627206e-01 -1.636671802530033637e-01
5.102472495303725930e-01 -1.309349907074292829e-01
5.007984764590454052e-01 -8.183590324723968856e-02
3.307195504134561315e-01 1.145620858006812653e-01
3.212707766381404650e-01 1.636611769190381427e-01
2.834753481362536354e-01 1.309289946897986556e-01
2.929241222635635689e-01 8.182990174235812986e-02
3.401683241887718534e-01 6.546299468232437413e-02
3.779637523386644160e-01 9.819517874064752350e-02
3.685149782113544825e-01 1.472942716880880631e-01
5.291447956730269686e-01 -2.291331656278084439e-01
5.196960254176538063e-01 -1.800340928002880925e-01
4.819005983237438784e-01 -2.127662823458621455e-01
4.913493685791171517e-01 -2.618653551733825524e-01
5.385935715603081819e-01 -2.782322677206672257e-01
5.763988025425863526e-01 -2.454981914859263870e-01
5.669500322872130793e-01 -1.963991186584059800e-01
2.645778019935992043e-01 2.291271696101778443e-01
2.551290289222720165e-01 2.782262570703674665e-01
2.173335990124081463e-01 2.454940821574625454e-01
2.267823720837353618e-01 1.963949946972729510e-01
2.740265750649264476e-01 1.800280821499882500e-01
3.118220021588362645e-01 2.127602716955623308e-01
3.023732290875090767e-01 2.618593591557519251e-01
5.952963486852407282e-01 -3.436963664063055757e-01
5.858475784298675659e-01 -2.945972935787851688e-01
5.480423474475893952e-01 -3.273313698135260630e-01
5.574911177029626685e-01 -3.764304426410464144e-01
6.047451245725219415e-01 -3.927954684991643575e-01
6.425405224010933836e-01 -3.600632845854981889e-01
6.330917521457201103e-01 -3.109642117579778375e-01
1.984360500537997452e-01 3.436922717105109215e-01
1.889872797984265274e-01 3.927913445380313284e-01
1.511918527045166827e-01 3.600591549924572199e-01
1.606406229598899282e-01 3.109600821649368685e-01
2.078848259410809307e-01 2.945931696176521397e-01
2.456802530349908309e-01 3.273253591632262482e-01
2.362314827796175853e-01 3.764244319907465997e-01
6.614380685437477592e-01 -4.582614595058773777e-01
6.519892926564666569e-01 -4.091623574130185403e-01
6.141939004598031548e-01 -4.418945705920231948e-01
6.236426763470842571e-01 -4.909936726848819211e-01
6.708868444310289725e-01 -5.073605615987362150e-01
7.086823064221852153e-01 -4.746283956865925413e-01
6.992335305349041130e-01 -4.255292935937338150e-01
1.322943009299543116e-01 4.582573591781748390e-01
1.228455306745810938e-01 5.073564320056951349e-01
8.505010358067126297e-02 4.746242424601210819e-01
9.449887383604449465e-02 4.255251696326006750e-01
1.417430768172355249e-01 4.091582570853160017e-01
1.795385039111453418e-01 4.418904466308901102e-01
1.700897336557721240e-01 4.909895194584105171e-01
7.275798469329317619e-01 -5.728265413416333551e-01
7.181310710456505486e-01 -5.237274392487745178e-01
6.803356203183101858e-01 -5.564596636915949412e-01
6.897843962055913991e-01 -6.055587657844537786e-01
7.370286228202128642e-01 -6.219256434344920814e-01
7.748240262806922463e-01 -5.891934887861643988e-01
7.653752503934110329e-01 -5.400943866933055615e-01
6.615255180610889185e-02 5.728224466458387010e-01
5.670377591882770629e-02 6.219215487386974273e-01
1.889853593578826041e-02 5.891874404226642437e-01
2.834731182306944597e-02 5.400883383298054063e-01
7.560132769339007741e-02 5.237233445529798637e-01
1.133967604192078621e-01 5.564555048332154863e-01
1.039479845319266765e-01 6.055546069260743236e-01
7.937215667914386819e-01 -6.873916344412052126e-01
7.842727909041574685e-01 -6.382925323483463753e-01
7.464773987074940775e-01 -6.710247455273509187e-01
7.559261745947752908e-01 -7.201238476202097560e-01
8.031703426787197841e-01 -7.364907365340639389e-01
8.409658046698761380e-01 -7.037585706219203763e-01
8.315170287825949247e-01 -6.546594685290615390e-01
9.841612259031684573e-07 6.873856446083818073e-01
-9.447791726055282391e-03 7.364847467012406446e-01
-4.724320587172257946e-02 7.037525292983051184e-01
-3.779442998444139390e-02 6.546534272054462811e-01
9.449760048507074850e-03 6.382865425155230810e-01
4.725501129536244238e-02 6.710205923008794038e-01
3.780623540808125682e-02 7.201196943937382411e-01
-6.614075764628495058e-02 8.019507334840226820e-01
-7.558953353356613614e-02 8.510498355768815193e-01
-1.133849513374007301e-01 8.183176174699574590e-01
-1.039361754501195445e-01 7.692185153770986217e-01
-5.669198175900376502e-02 7.528516313911638447e-01
-1.889655634952056018e-02 7.855837902634226211e-01
-2.834533223680174574e-02 8.346828923562814584e-01
-1.322825031119631012e-01 9.165158216556750226e-01
-1.417312789992442867e-01 9.656149237485338599e-01
-1.795266968030788668e-01 9.328827056416097996e-01
-1.700779209157976812e-01 8.837836035487510733e-01
-1.228337272246819156e-01 8.674167195628161853e-01
-8.503829815703141393e-02 9.001488791390634958e-01
-9.448707404431259949e-02 9.492479812319222221e-01
-1.984242373138253301e-01 1.031080851296650502e+00
-2.078730244649224235e-01 1.080180011920186312e+00
-2.456684535325729113e-01 1.047447852343939001e+00
-2.362196663814758180e-01 9.983486917204034139e-01
-1.889754726903600524e-01 9.819818077344686369e-01
-1.511800436227095645e-01 1.014713967310715725e+00
-1.606288307738066579e-01 1.063813127934251312e+00
-3.968613002412900714e-01 3.005325149907367432e-06
-4.063100733126172592e-01 4.910209278533950172e-02
-4.441055018145040889e-01 1.636991055610000079e-02
-4.346567280391884225e-01 -3.272918056225689043e-02
-3.874125261139801379e-01 -4.909608762229063228e-02
-3.496170979640875753e-01 -1.636390356396748291e-02
-3.590658717394032418e-01 3.273518755438940830e-02
-3.307195504134561315e-01 -1.145620858006812653e-01
-3.401683241887718534e-01 -6.546299468232437413e-02
-3.779637523386644160e-01 -9.819517874064752350e-02
-3.685149782113544825e-01 -1.472942716880880631e-01
-3.212707766381404650e-01 -1.636611769190381427e-01
-2.834753481362536354e-01 -1.309289946897986556e-01
-2.929241222635635689e-01 -8.182990174235812986e-02
-4.630030493651354773e-01 1.145680927928137832e-01
-4.724518224364627206e-01 1.636671802530033637e-01
-5.102472495303725930e-01 1.309349907074292829e-01
-5.007984764590454052e-01 8.183590324723968856e-02
-4.535542762938082895e-01 6.546900533262418886e-02
-4.157588463839445025e-01 9.820118024552909608e-02
-4.252076194552716903e-01 1.473002677057186904e-01
-2.645778019935992043e-01 -2.291271696101778443e-01
-2.740265750649264476e-01 -1.800280821499882500e-01
-3.118220021588362645e-01 -2.127602716955623308e-01
-3.023732290875090767e-01 -2.618593591557519251e-01
-2.551290289222720165e-01 -2.782262570703674665e-01
-2.173335990124081463e-01 -2.454940821574625454e-01
-2.267823720837353618e-01 -1.963949946972729510e-01
-5.291447956730269686e-01 2.291331656278084439e-01
-5.385935715603081819e-01 2.782322677206672257e-01
-5.763988025425863526e-01 2.454981914859263870e-01
-5.669500322872130793e-01 1.963991186584059800e-01
-5.196960254176538063e-01 1.800340928002880925e-01
-4.819005983237438784e-01 2.127662823458621455e-01
-4.913493685791171517e-01 2.618653551733825524e-01
-1.984360500537997452e-01 -3.436922717105109215e-01
-2.078848259410809307e-01 -2.945931696176521397e-01
-2.456802530349908309e-01 -3.273253591632262482e-01
-2.362314827796175853e-01 -3.764244319907465997e-01
-1.889872797984265274e-01 -3.927913445380313284e-01
-1.511918527045166827e-01 -3.600591549924572199e-01
-1.606406229598899282e-01 -3.109600821649368685e-01
-5.952963486852407282e-01 3.436963664063055757e-01
-6.047451245725219415e-01 3.927954684991643575e-01
-6.425405224010933836e-01 3.600632845854981889e-01
-6.330917521457201103e-01 3.109642117579778375e-01
-5.858475784298675659e-01 2.945972935787851688e-01
-5.480423474475893952e-01 3.273313698135260630e-01
-5.574911177029626685e-01 3.764304426410464144e-01
-1.322943009299543116e-01 -4.582573591781748390e-01
-1.417430768172355249e-01 -4.091582570853160017e-01
-1.795385039111453418e-01 -4.418904466308901102e-01
-1.700897336557721240e-01 -4.909895194584105171e-01
-1.228455306745810938e-01 -5.073564320056951349e-01
-8.505010358067126297e-02 -4.746242424601210819e-01
-9.449887383604449465e-02 -4.255251696326006750e-01
-6.614380685437477592e-01 4.582614595058773777e-01
-6.708868444310289725e-01 5.073605615987362150e-01
-7.086823064221852153e-01 4.746283956865925413e-01
-6.992335305349041130e-01 4.255292935937338150e-01
-6.519892926564666569e-01 4.091623574130185403e-01
-6.141939004598031548e-01 4.418945705920231948e-01
-6.236426763470842571e-01 4.909936726848819211e-01
-6.615255180610889185e-02 -5.728224466458387010e-01
-7.560132769339007741e-02 -5.237233445529798637e-01
-1.133967604192078621e-01 -5.564555048332154863e-01
-1.039479845319266765e-01 -6.055546069260743236e-01
-5.670377591882770629e-02 -6.219215487386974273e-01
-1.889853593578826041e-02 -5.891874404226642437e-01
-2.834731182306944597e-02 -5.400883383298054063e-01
-7.275798469329317619e-01 5.728265413416333551e-01
-7.370286228202128642e-01 6.219256434344920814e-01
-7.748240262806922463e-01 5.891934887861643988e-01
-7.653752503934110329e-01 5.400943866933055615e-01
-7.181310710456505486e-01 5.237274392487745178e-01
-6.803356203183101858e-01 5.564596636915949412e-01
-6.897843962055913991e-01 6.055587657844537786e-01
-9.841612259031684573e-07 -6.873856446083818073e-01
-9.449760048507074850e-03 -6.382865425155230810e-01
-4.725501129536244238e-02 -6.710205923008794038e-01
-3.780623540808125682e-02 -7.201196943937382411e-01
9.447791726055282391e-03 -7.364847467012406446e-01
4.724320587172257946e-02 -7.037525292983051184e-01
3.779442998444139390e-02 -6.546534272054462811e-01
-7.937215667914386819e-01 6.873916344412052126e-01
-8.031703426787197841e-01 7.364907365340639389e-01
-8.409658046698761380e-01 7.037585706219203763e-01
-8.315170287825949247e-01 6.546594685290615390e-01
-7.842727909041574685e-01 6.382925323483463753e-01
-7.464773987074940775e-01 6.710247455273509187e-01
-7.559261745947752908e-01 7.201238476202097560e-01
6.614075764628495058e-02 -8.019507334840226820e-01
5.669198175900376502e-02 -7.528516313911638447e-01
1.889655634952056018e-02 -7.855837902634226211e-01
2.834533223680174574e-02 -8.346828923562814584e-01
7.558953353356613614e-02 -8.510498355768815193e-01
1.133849513374007301e-01 -8.183176174699574590e-01
1.039361754501195445e-01 -7.692185153770986217e-01
1.322825031119631012e-01 -9.165158216556750226e-01
1.228337272246819156e-01 -8.674167195628161853e-01
8.503829815703141393e-02 -9.001488791390634958e-01
9.448707404431259949e-02 -9.492479812319222221e-01
1.417312789992442867e-01 -9.656149237485338599e-01
1.795266968030788668e-01 -9.328827056416097996e-01
1.700779209157976812e-01 -8.837836035487510733e-01
1.984242373138253301e-01 -1.031080851296650502e+00
1.889754726903600524e-01 -9.819818077344686369e-01
1.511800436227095645e-01 -1.014713967310715725e+00
1.606288307738066579e-01 -1.063813127934251312e+00
2.078730244649224235e-01 -1.080180011920186312e+00
2.456684535325729113e-01 -1.047447852343939001e+00
2.362196663814758180e-01 -9.983486917204034139e-01
5.291549357779733453e-01 -2.746868643835331802e-06
5.197061620026576234e-01 4.909634424971305589e-02
4.819009303163909741e-01 1.636227167313950015e-02
4.913497033877181619e-01 -3.273681578705009421e-02
5.386037102572774904e-01 -4.910184164516802341e-02
5.763991080858489324e-01 -1.636965773150189651e-02
5.669503350145217446e-01 3.272942972868769784e-02
5.952966542285034190e-01 -1.145678326518810852e-01
5.858478811571761202e-01 -6.546874519169149087e-02
5.480524833286046782e-01 -9.820092910535761777e-02
5.575012563999318660e-01 -1.473000165655471982e-01
6.047454301157845213e-01 -1.636669347447398948e-01
6.425408864750328242e-01 -1.309347395672578185e-01
6.330921134037056364e-01 -8.183565210706821025e-02
4.630033824137653187e-01 1.145604557389369310e-01
4.535546082864553852e-01 1.636595486863774707e-01
4.157591804885569786e-01 1.309273627989706590e-01
4.252079542638727006e-01 8.182827168061378165e-02
4.724521561890810406e-01 6.546136462058003980e-02
5.102573882273419015e-01 9.819543536806994710e-02
5.008086144520261795e-01 1.472945264864268244e-01
6.614384326176873108e-01 -2.291329144876370072e-01
6.519896623623140375e-01 -1.800338416601166003e-01
6.141942003711577946e-01 -2.127660075722602462e-01
6.236429762584390080e-01 -2.618651096651190002e-01
6.708872085049684131e-01 -2.782320165804957890e-01
7.086826063335398551e-01 -2.454998326668296205e-01
6.992338304462586418e-01 -1.964007305739708387e-01
3.968616322339371116e-01 2.291255486938517660e-01
3.874128591626099238e-01 2.782246361540413604e-01
3.496174320687000514e-01 2.454924466084672519e-01
3.590662051400272947e-01 1.963933591482776575e-01
4.063104067132413122e-01 1.800264539173275780e-01
4.441058352151281974e-01 2.127586361465670650e-01
4.346570621438009541e-01 2.618577236067566316e-01
7.275801524761942307e-01 -3.436980075872088092e-01
7.181313822208209574e-01 -2.945989347596884578e-01
6.803359787603416864e-01 -3.273310894080161959e-01
6.897847546476228997e-01 -3.764301915008749777e-01
7.370289227315675040e-01 -3.927970804147291606e-01
7.748243847227237469e-01 -3.600649145025855979e-01
7.653756088354425335e-01 -3.109658124097267606e-01
3.307198831100916503e-01 3.436906361615156280e-01
3.212711128547184325e-01 3.927897089890359794e-01
2.834756801289006756e-01 3.600575487088003013e-01
2.929244560161818334e-01 3.109584466159415195e-01
3.401686589973728636e-01 2.945915340686568462e-01
3.779640860912826805e-01 3.273237236142309547e-01
3.685153102040015227e-01 3.764228257070897365e-01
7.937219364972860625e-01 -4.582631186883031615e-01
7.842731606100049602e-01 -4.091640165954444353e-01
7.464776986188486063e-01 -4.418961825075879979e-01
7.559264745061298196e-01 -4.909952846004468352e-01
8.031707011207513958e-01 -5.073621622504851381e-01
8.409661045812307778e-01 -4.746300076021574554e-01
8.315173286939495645e-01 -4.255309055092986181e-01
2.645781339862462445e-01 4.582557236291794900e-01
2.551293637308730267e-01 5.073547964566998969e-01
2.173339310050552142e-01 4.746226361764642188e-01
2.267827068923364275e-01 4.255235340836053815e-01
2.740269098735274023e-01 4.091566215363207082e-01
3.118223369674372747e-01 4.418888110818948167e-01
3.023735610801560614e-01 4.909879131747536540e-01
8.598636563557930934e-01 -5.728282117878750190e-01
8.504148804685119911e-01 -5.237291096950161817e-01
8.126194770080326091e-01 -5.564612643433439754e-01
8.220682528953137114e-01 -6.055603664362027017e-01
8.693124209792584267e-01 -6.219272553500569956e-01
9.071078829704145585e-01 -5.891950894379132109e-01
8.976591070831334562e-01 -5.400959873450545956e-01
1.984363904943087786e-01 5.728207818315049771e-01
1.889876146070275653e-01 6.219198839243638144e-01
1.511921818812097529e-01 5.891877236441280807e-01
1.606409577684909107e-01 5.400886215512692434e-01
2.078851607496819964e-01 5.237217090039846257e-01
2.456805878435918133e-01 5.564538985495587342e-01
2.362318119563106555e-01 6.055530006424175715e-01
1.322946413704632895e-01 6.873858692991687835e-01
1.228458654831821040e-01 7.364849713920276209e-01
8.505043275736431929e-02 7.037528111117918872e-01
9.449920864464549097e-02 6.546537090189331609e-01
1.417434059939285396e-01 6.382868257369868070e-01
1.795388387197464075e-01 6.710189860172226517e-01
1.700900628324652220e-01 7.201180881100813780e-01
6.615289224661785594e-02 8.019509567668327010e-01
5.670411635933667038e-02 8.510500588596915383e-01
1.890868363351888570e-02 8.183178985794558047e-01
2.835745952080007126e-02 7.692187964865969674e-01
7.560165687008313373e-02 7.528519132046507245e-01
1.133970895959009184e-01 7.855840734848863471e-01
1.039483137086197329e-01 8.346831755777451844e-01
1.114312277242235361e-05 9.165160442344966185e-01
-9.437632764508763206e-03 9.656151463273553448e-01
-4.724288401136411686e-02 9.328810965419990220e-01
-3.779410812408293130e-02 8.837819944491401847e-01
9.459907746237700144e-03 8.674170006723146420e-01
4.725534047205548482e-02 9.001491609525502646e-01
3.780656458477429926e-02 9.492482630454091019e-01
-6.614042452211058021e-02 1.031079242197039614e+00
-7.558921167320767354e-02 1.080178402820575201e+00
-1.133846145550590628e-01 1.047446126886962814e+00
-1.039358499315937850e-01 9.983470833247810594e-01
-5.669165989864530242e-02 9.819801986348578593e-01
-1.888640865178994876e-02 1.014714248420214293e+00
-2.833517327525522655e-02 1.063813291982396159e+00
-5.291549357779733453e-01 2.746868643835331802e-06
-5.386037102572774904e-01 4.910184164516802341e-02
-5.763991080858489324e-01 1.636965773150189651e-02
-5.669503350145217446e-01 -3.272942972868769784e-02
-5.197061620026576234e-01 -4.909634424971305589e-02
-4.819009303163909741e-01 -1.636227167313950015e-02
-4.913497033877181619e-01 3.273681578705009421e-02
-4.630033824137653187e-01 -1.145604557389369310e-01
-4.724521561890810406e-01 -6.546136462058003980e-02
-5.102573882273419015e-01 -9.819543536806994710e-02
-5.008086144520261795e-01 -1.472945264864268244e-01
-4.535546082864553852e-01 -1.636595486863774707e-01
-4.157591804885569786e-01 -1.309273627989706590e-01
-4.252079542638727006e-01 -8.182827168061378165e-02
-5.952966542285034190e-01 1.145678326518810852e-01
-6.047454301157845213e-01 1.636669347447398948e-01
-6.425408864750328242e-01 1.309347395672578185e-01
-6.330921134037056364e-01 8.183565210706821025e-02
-5.858478811571761202e-01 6.546874519169149087e-02
-5.480524833286046782e-01 9.820092910535761777e-02
-5.575012563999318660e-01 1.473000165655471982e-01
-3.968616322339371116e-01 -2.291255486938517660e-01
-4.063104067132413122e-01 -1.800264539173275780e-01
-4.441058352151281974e-01 -2.127586361465670650e-01
-4.346570621438009541e-01 -2.618577236067566316e-01
-3.874128591626099238e-01 -2.782246361540413604e-01
-3.496174320687000514e-01 -2.454924466084672519e-01
-3.590662051400272947e-01 -1.963933591482776575e-01
-6.614384326176873108e-01 2.291329144876370072e-01
-6.708872085049684131e-01 2.782320165804957890e-01
-7.086826063335398551e-01 2.454998326668296205e-01
-6.992338304462586418e-01 1.964007305739708387e-01
-6.519896623623140375e-01 1.800338416601166003e-01
-6.141942003711577946e-01 2.127660075722602462e-01
-6.236429762584390080e-01 2.618651096651190002e-01
-3.307198831100916503e-01 -3.436906361615156280e-01
-3.401686589973728636e-01 -2.945915340686568462e-01
-3.779640860912826805e-01 -3.273237236142309547e-01
-3.685153102040015227e-01 -3.764228257070897365e-01
-3.212711128547184325e-01 -3.927897089890359794e-01
-2.834756801289006756e-01 -3.600575487088003013e-01
-2.929244560161818334e-01 -3.109584466159415195e-01
-7.275801524761942307e-01 3.436980075872088092e-01
-7.370289227315675040e-01 3.927970804147291606e-01
-7.748243847227237469e-01 3.600649145025855979e-01
-7.653756088354425335e-01 3.109658124097267606e-01
-7.181313822208209574e-01 2.945989347596884578e-01
-6.803359787603416864e-01 3.273310894080161959e-01
-6.897847546476228997e-01 3.764301915008749777e-01
-2.645781339862462445e-01 -4.582557236291794900e-01
-2.740269098735274023e-01 -4.091566215363207082e-01
-3.118223369674372747e-01 -4.418888110818948167e-01
-3.023735610801560614e-01 -4.909879131747536540e-01
-2.551293637308730267e-01 -5.073547964566998969e-01
-2.173339310050552142e-01 -4.746226361764642188e-01
-2.267827068923364275e-01 -4.255235340836053815e-01
-7.937219364972860625e-01 4.582631186883031615e-01
-8.031707011207513958e-01 5.073621622504851381e-01
-8.409661045812307778e-01 4.746300076021574554e-01
-8.315173286939495645e-01 4.255309055092986181e-01
-7.842731606100049602e-01 4.091640165954444353e-01
-7.464776986188486063e-01 4.418961825075879979e-01
-7.559264745061298196e-01 4.909952846004468352e-01
-1.984363904943087786e-01 -5.728207818315049771e-01
-2.078851607496819964e-01 -5.237217090039846257e-01
-2.456805878435918133e-01 -5.564538985495587342e-01
-2.362318119563106555e-01 -6.055530006424175715e-01
-1.889876146070275653e-01 -6.219198839243638144e-01
-1.511921818812097529e-01 -5.891877236441280807e-01
-1.606409577684909107e-01 -5.400886215512692434e-01
-8.598636563557930934e-01 5.728282117878750190e-01
-8.693124209792584267e-01 6.219272553500569956e-01
-9.071078829704145585e-01 5.891950894379132109e-01
-8.976591070831334562e-01 5.400959873450545956e-01
-8.504148804685119911e-01 5.237291096950161817e-01
-8.126194770080326091e-01 5.564612643433439754e-01
-8.220682528953137114e-01 6.055603664362027017e-01
-1.322946413704632895e-01 -6.873858692991687835e-01
-1.417434059939285396e-01 -6.382868257369868070e-01
-1.795388387197464075e-01 -6.710189860172226517e-01
-1.700900628324652220e-01 -7.201180881100813780e-01
-1.228458654831821040e-01 -7.364849713920276209e-01
-8.505043275736431929e-02 -7.037528111117918872e-01
-9.449920864464549097e-02 -6.546537090189331609e-01
-6.615289224661785594e-02 -8.019509567668327010e-01
-7.560165687008313373e-02 -7.528519132046507245e-01
-1.133970895959009184e-01 -7.855840734848863471e-01
-1.039483137086197329e-01 -8.346831755777451844e-01
-5.670411635933667038e-02 -8.510500588596915383e-01
-1.890868363351888570e-02 -8.183178985794558047e-01
-2.835745952080007126e-02 -7.692187964865969674e-01
-1.114312277242235361e-05 -9.165160442344966185e-01
-9.459907746237700144e-03 -8.674170006723146420e-01
-4.725534047205548482e-02 -9.001491609525502646e-01
-3.780656458477429926e-02 -9.492482630454091019e-01
9.437632764508763206e-03 -9.656151463273553448e-01
4.724288401136411686e-02 -9.328810965419990220e-01
3.779410812408293130e-02 -8.837819944491401847e-01
6.614042452211058021e-02 -1.031079242197039614e+00
5.669165989864530242e-02 -9.819801986348578593e-01
1.888640865178994876e-02 -1.014714248420214293e+00
2.833517327525522655e-02 -1.063813291982396159e+00
7.558921167320767354e-02 -1.080178402820575201e+00
1.133846145550590628e-01 -1.047446126886962814e+00
1.039358499315937850e-01 -9.983470833247810594e-01
6.614387381609497796e-01 -4.380733212488996386e-06
6.519899650896225918e-01 4.909470672697710536e-02
6.141945658530743035e-01 1.636253012964557219e-02
6.236433403323784486e-01 -3.273656464687861589e-02
6.708875112322769674e-01 -4.910346819340208335e-02
7.086829704074792957e-01 -1.637128764858922225e-02
6.992341959281751507e-01 3.272780712793496583e-02
7.275805165501336713e-01 -1.145694625689684110e-01
7.181317434788064835e-01 -6.547037510877881661e-02
6.803362843036042662e-01 -9.820255565359167771e-02
6.897850601908853685e-01 -1.473016577464504873e-01
7.370292924374148846e-01 -1.636685646618271928e-01
7.748246902659863267e-01 -1.309363807481610797e-01
7.653759143787052244e-01 -8.183727865530227019e-02
5.952970183024428596e-01 1.145607123663593546e-01
5.858482445271271377e-01 1.636598034847162597e-01
5.480527871118960892e-01 1.309276137944851426e-01
5.575015608872118111e-01 8.182852267612823749e-02
6.047457920777585816e-01 6.546162124800246340e-02
6.425411909623126583e-01 9.819379967441764501e-02
6.330924171869969364e-01 1.472928907927745223e-01
7.937222364086408133e-01 -2.291345556685402129e-01
7.842734605213596000e-01 -1.800354535756814311e-01
7.464780626927881579e-01 -2.127676374893475997e-01
7.559268385800692602e-01 -2.618667395822064092e-01
8.031710122959219156e-01 -2.782336577613990780e-01
8.409664686551701074e-01 -2.455014625839169740e-01
8.315176927678890051e-01 -1.964023604910581922e-01
5.291552399132589679e-01 2.291257942021152627e-01
5.197064668419317801e-01 2.782248816623048571e-01
4.819110661974063126e-01 2.454927123813079315e-01
4.913598406767105131e-01 1.963936176047837434e-01
5.386040129845861557e-01 1.800267067419256684e-01
5.763994707518114158e-01 2.127588946030731232e-01
5.669506962725072707e-01 2.618579893795973113e-01
8.598640147978245940e-01 -3.436996375042961627e-01
8.504152389105433807e-01 -2.946005354114373809e-01
8.126197825512951889e-01 -3.273327305889194294e-01
8.220685528066684622e-01 -3.764318034164397808e-01
8.693127906851058073e-01 -3.927987395971550000e-01
9.071081828817693093e-01 -3.600665264181503455e-01
8.976594126263960360e-01 -3.109674535906299941e-01
4.630135200547518814e-01 3.436908873016871202e-01
4.535647441674707236e-01 3.927899893945459020e-01
4.157595131851925530e-01 3.600559131598050633e-01
4.252082890724737663e-01 3.109568110669462815e-01
4.724622931260791248e-01 2.945917998414975258e-01
5.102576937706044813e-01 3.273239691224944514e-01
5.008089178833233790e-01 3.764230712153532332e-01
9.260057346563316250e-01 -4.582647306038680202e-01
9.165569587690504116e-01 -4.091656285110091829e-01
8.787615665723869096e-01 -4.418978416900137263e-01
8.882103311958522429e-01 -4.909968852521957028e-01
9.354545105436128383e-01 -5.073638326967266909e-01
9.732597358939830690e-01 -4.746297271966475328e-01
9.638109712705177357e-01 -4.255306836344655563e-01
3.968619670425381774e-01 4.582540880801841965e-01
3.874131911552569640e-01 5.073531901730430338e-01
3.496177640613470916e-01 4.746210006274689253e-01
3.590665399486282494e-01 4.255218985346101435e-01
4.063107429298193352e-01 4.091549859873254147e-01
4.441159739120974503e-01 4.418890622220663089e-01
4.346671980248162925e-01 4.909881643149250907e-01
3.307202179186926605e-01 5.728191755478481140e-01
3.212714420314115027e-01 6.219182776407069513e-01
2.834760205694096258e-01 5.891860588297943568e-01
2.929247908247828436e-01 5.400869860022740054e-01
3.401689938059738738e-01 5.237200734549892767e-01
3.779644208998837462e-01 5.564522630005633852e-01
3.685156506445105284e-01 6.055513358280837366e-01
2.645784687948472547e-01 6.873842630155120315e-01
2.551296929075660413e-01 7.364833651083707577e-01
2.173342714455641922e-01 7.037511462974582743e-01
2.267830360690294422e-01 6.546521027352762978e-01
2.740272446821284125e-01 6.382851609226531941e-01
3.118226661441302894e-01 6.710173797335656776e-01
3.023739015206650116e-01 7.201164232957476541e-01
1.984367196710018211e-01 8.019493504831758379e-01
1.889879437837206355e-01 8.510484525760346752e-01
1.511925223217187586e-01 8.183162337651221918e-01
1.606412869451840364e-01 7.692171902029402153e-01
2.078854955582830066e-01 7.528502483903171116e-01
2.456809170202848835e-01 7.855824672012295951e-01
2.362321523968196058e-01 8.346815107634115716e-01
1.322949705471563875e-01 9.165144379508397554e-01
1.228461946598752019e-01 9.656135400436985927e-01
8.505077319787326950e-02 9.328813212327859983e-01
9.449953782133854729e-02 8.837822776706040218e-01
1.417437464344375730e-01 8.674153358579810291e-01
1.795391678964394500e-01 9.001475546688935125e-01
1.700904032729741722e-01 9.492465982310754891e-01
6.615322142331089839e-02 1.031079525418503673e+00
5.670445679984562060e-02 1.080178568980685538e+00
1.890902407402783592e-02 1.047446408700449805e+00
2.835778869749311371e-02 9.983473651382679392e-01
7.560199731059208395e-02 9.819804233256447246e-01
1.133974187725940164e-01 1.014712642136557319e+00
1.039486541491287386e-01 1.063811685698739185e+00
-6.614387381609497796e-01 4.380733212488996386e-06
-6.708875112322769674e-01 4.910346819340208335e-02
-7.086829704074792957e-01 1.637128764858922225e-02
-6.992341959281751507e-01 -3.272780712793496583e-02
-6.519899650896225918e-01 -4.909470672697710536e-02
-6.141945658530743035e-01 -1.636253012964557219e-02
-6.236433403323784486e-01 3.273656464687861589e-02
-5.952970183024428596e-01 -1.145607123663593546e-01
-6.047457920777585816e-01 -6.546162124800246340e-02
-6.425411909623126583e-01 -9.819379967441764501e-02
-6.330924171869969364e-01 -1.472928907927745223e-01
-5.858482445271271377e-01 -1.636598034847162597e-01
-5.480527871118960892e-01 -1.309276137944851426e-01
-5.575015608872118111e-01 -8.182852267612823749e-02
-7.275805165501336713e-01 1.145694625689684110e-01
-7.370292924374148846e-01 1.636685646618271928e-01
-7.748246902659863267e-01 1.309363807481610797e-01
-7.653759143787052244e-01 8.183727865530227019e-02
-7.181317434788064835e-01 6.547037510877881661e-02
-6.803362843036042662e-01 9.820255565359167771e-02
-6.897850601908853685e-01 1.473016577464504873e-01
-5.291552399132589679e-01 -2.291257942021152627e-01
-5.386040129845861557e-01 -1.800267067419256684e-01
-5.763994707518114158e-01 -2.127588946030731232e-01
-5.669506962725072707e-01 -2.618579893795973113e-01
-5.197064668419317801e-01 -2.782248816623048571e-01
-4.819110661974063126e-01 -2.454927123813079315e-01
-4.913598406767105131e-01 -1.963936176047837434e-01
-7.937222364086408133e-01 2.291345556685402129e-01
-8.031710122959219156e-01 2.782336577613990780e-01
-8.409664686551701074e-01 2.455014625839169740e-01
-8.315176927678890051e-01 1.964023604910581922e-01
-7.842734605213596000e-01 1.800354535756814311e-01
-7.464780626927881579e-01 2.127676374893475997e-01
-7.559268385800692602e-01 2.618667395822064092e-01
-4.630135200547518814e-01 -3.436908873016871202e-01
-4.724622931260791248e-01 -2.945917998414975258e-01
-5.102576937706044813e-01 -3.273239691224944514e-01
-5.008089178833233790e-01 -3.764230712153532332e-01
-4.535647441674707236e-01 -3.927899893945459020e-01
-4.157595131851925530e-01 -3.600559131598050633e-01
-4.252082890724737663e-01 -3.109568110669462815e-01
-8.598640147978245940e-01 3.436996375042961627e-01
-8.693127906851058073e-01 3.927987395971550000e-01
-9.071081828817693093e-01 3.600665264181503455e-01
-8.976594126263960360e-01 3.109674535906299941e-01
-8.504152389105433807e-01 2.946005354114373809e-01
-8.126197825512951889e-01 3.273327305889194294e-01
-8.220685528066684622e-01 3.764318034164397808e-01
-3.968619670425381774e-01 -4.582540880801841965e-01
-4.063107429298193352e-01 -4.091549859873254147e-01
-4.441159739120974503e-01 -4.418890622220663089e-01
-4.346671980248162925e-01 -4.909881643149250907e-01
-3.874131911552569640e-01 -5.073531901730430338e-01
-3.496177640613470916e-01 -4.746210006274689253e-01
-3.590665399486282494e-01 -4.255218985346101435e-01
-9.260057346563316250e-01 4.582647306038680202e-01
-9.354545105436128383e-01 5.073638326967266909e-01
-9.732597358939830690e-01 4.746297271966475328e-01
-9.638109712705177357e-01 4.255306836344655563e-01
-9.165569587690504116e-01 4.091656285110091829e-01
-8.787615665723869096e-01 4.418978416900137263e-01
-8.882103311958522429e-01 4.909968852521957028e-01
-3.307202179186926605e-01 -5.728191755478481140e-01
-3.401689938059738738e-01 -5.237200734549892767e-01
-3.779644208998837462e-01 -5.564522630005633852e-01
-3.685156506445105284e-01 -6.055513358280837366e-01
-3.212714420314115027e-01 -6.219182776407069513e-01
-2.834760205694096258e-01 -5.891860588297943568e-01
-2.929247908247828436e-01 -5.400869860022740054e-01
-2.645784687948472547e-01 -6.873842630155120315e-01
-2.740272446821284125e-01 -6.382851609226531941e-01
-3.118226661441302894e-01 -6.710173797335656776e-01
-3.023739015206650116e-01 -7.201164232957476541e-01
-2.551296929075660413e-01 -7.364833651083707577e-01
-2.173342714455641922e-01 -7.037511462974582743e-01
-2.267830360690294422e-01 -6.546521027352762978e-01
-1.984367196710018211e-01 -8.019493504831758379e-01
-2.078854955582830066e-01 -7.528502483903171116e-01
-2.456809170202848835e-01 -7.855824672012295951e-01
-2.362321523968196058e-01 -8.346815107634115716e-01
-1.889879437837206355e-01 -8.510484525760346752e-01
-1.511925223217187586e-01 -8.183162337651221918e-01
-1.606412869451840364e-01 -7.692171902029402153e-01
-1.322949705471563875e-01 -9.165144379508397554e-01
-1.417437464344375730e-01 -8.674153358579810291e-01
-1.795391678964394500e-01 -9.001475546688935125e-01
-1.700904032729741722e-01 -9.492465982310754891e-01
-1.228461946598752019e-01 -9.656135400436985927e-01
-8.505077319787326950e-02 -9.328813212327859983e-01
-9.449953782133854729e-02 -8.837822776706040218e-01
-6.615322142331089839e-02 -1.031079525418503673e+00
-7.560199731059208395e-02 -9.819804233256447246e-01
-1.133974187725940164e-01 -1.014712642136557319e+00
-1.039486541491287386e-01 -1.063811685698739185e+00
-5.670445679984562060e-02 -1.080178568980685538e+00
-1.890902407402783592e-02 -1.047446408700449805e+00
-2.835778869749311371e-02 -9.983473651382679392e-01
7.937226004825801429e-01 -6.010650299814734865e-06
7.842738260032759978e-01 4.909308412622437334e-02
7.464783682360507377e-01 1.636089626507691852e-02
7.559271413073779255e-01 -3.273819119511267584e-02
8.031713735539073307e-01 -4.910509811048940909e-02
8.409667713824787727e-01 -1.637291419682326832e-02
8.315179983111515849e-01 3.272617326336632604e-02
8.598643203410871738e-01 -1.145711037498716722e-01
8.504155444538060715e-01 -6.547200165701286267e-02
8.126201466252345185e-01 -9.820418557067900345e-02
8.220689225125157318e-01 -1.473032876635377852e-01
8.693130905964604471e-01 -1.636701765773920236e-01
9.071183272106465578e-01 -1.309361296079895876e-01
8.976695513233653445e-01 -8.183702751513080575e-02
7.275808210374136165e-01 1.145590766727070525e-01
7.181320472620978945e-01 1.636581677910639576e-01
6.803366483775437068e-01 1.309259893646487483e-01
6.897854221528594287e-01 8.182689824629185704e-02
7.370295951647235499e-01 6.545998372526651288e-02
7.748250522279602759e-01 9.819217524458126456e-02
7.653762784526445540e-01 1.472912663629381558e-01
9.260158733533010444e-01 -2.291343045283687763e-01
9.165670974660198311e-01 -1.800352024355099945e-01
8.787618664837416604e-01 -2.127692786702508054e-01
8.882106423710227627e-01 -2.618683807631096427e-01
9.354646436086742067e-01 -2.782333773558891554e-01
9.732601055998303385e-01 -2.455012114437455373e-01
9.638113297125492362e-01 -1.964021093508867000e-01
6.614391008269122629e-01 2.291241716013625307e-01
6.519903263476081179e-01 2.782232663778867465e-01
6.141948699883598151e-01 2.454910712004046702e-01
6.236436430596870029e-01 1.963919837402150759e-01
6.708878746022279849e-01 1.800250804830056395e-01
7.086832731347879610e-01 2.127572607385044834e-01
6.992345000634607732e-01 2.618563481986940777e-01
9.921576461105768852e-01 -3.436993570987862401e-01
9.827088758552036118e-01 -2.946002842712658887e-01
9.449134194959554200e-01 -3.273324794487479927e-01
9.543621953832366334e-01 -3.764315815416068300e-01
1.001606421997857987e+00 -3.927984591916450774e-01
1.039401825458337481e+00 -3.600663045433173948e-01
1.029953049571056267e+00 -3.109672024504585575e-01
5.952973238457053284e-01 3.436892461207838867e-01
5.858485479584242261e-01 3.927883482136426685e-01
5.480531501298528951e-01 3.600561642999765000e-01
5.575019232011800829e-01 3.109570768397869056e-01
6.047460969170326273e-01 2.945901586605942368e-01
6.425415532762809301e-01 3.273223538380762854e-01
6.330927802049537423e-01 3.764214412982659352e-01
5.291556039871984085e-01 4.582543392203556887e-01
5.197068280999173062e-01 5.073534413132144705e-01
4.819113717406689479e-01 4.746212461357324219e-01
4.913601476279501057e-01 4.255221440428735846e-01
5.386043742425716818e-01 4.091552663928352818e-01
5.763997777030509528e-01 4.418874210411630199e-01
5.669510018157697395e-01 4.909865231340218017e-01
4.630138255980145168e-01 5.728194210561116106e-01
4.535650553426412990e-01 6.219184938836319620e-01
4.157696518821618614e-01 5.891863392353042794e-01
4.252184277694430747e-01 5.400872371424454421e-01
4.724625958533877346e-01 5.237203482285912592e-01
5.102580578445440329e-01 5.564525141407349329e-01
5.008092819572628196e-01 6.055516162335936592e-01
3.968721001075994903e-01 6.873845434210218430e-01
3.874233354841342125e-01 7.364835869832038195e-01
3.496180988699481573e-01 7.037495400138014112e-01
3.590668747572293151e-01 6.546504379209425739e-01
4.063208759948807036e-01 6.382854413281631167e-01
4.441162794553600857e-01 6.710175959764907994e-01
4.346675035680789279e-01 7.201166980693496367e-01
3.307205470953857862e-01 8.019477441995189748e-01
3.212717824719205084e-01 8.510467877617009513e-01
2.834763497461026960e-01 8.183146274814652177e-01
2.929251256333838538e-01 7.692155253886064914e-01
3.401693229826669995e-01 7.528486421066601375e-01
3.779745595968530547e-01 7.855826890760626569e-01
3.685257837095718969e-01 8.346817911689213831e-01
2.645787979715402694e-01 9.165128316671828923e-01
2.551300333480750471e-01 9.656118752293648688e-01
2.173346006222572346e-01 9.328797149491291352e-01
2.267833765095384202e-01 8.837806128562704089e-01
2.740275738588214827e-01 8.674137295743240550e-01
3.118230065846393506e-01 9.001458898545597886e-01
3.023742306973581373e-01 9.492449919474185149e-01
1.984370488476948635e-01 1.031077919134846699e+00
1.889882842242295857e-01 1.080176962697028564e+00
1.511928514984118010e-01 1.047444802416793053e+00
1.606416273856929866e-01 9.983457003239342153e-01
2.078858247349760491e-01 9.819788170419879725e-01
2.456812574607938338e-01 1.014710977322223595e+00
2.362324815735126482e-01 1.063810079415082432e+00
-7.937226004825801429e-01 6.010650299814734865e-06
-8.031713735539073307e-01 4.910509811048940909e-02
-8.409667713824787727e-01 1.637291419682326832e-02
-8.315179983111515849e-01 -3.272617326336632604e-02
-7.842738260032759978e-01 -4.909308412622437334e-02
-7.464783682360507377e-01 -1.636089626507691852e-02
-7.559271413073779255e-01 3.273819119511267584e-02
-7.275808210374136165e-01 -1.145590766727070525e-01
-7.370295951647235499e-01 -6.545998372526651288e-02
-7.748250522279602759e-01 -9.819217524458126456e-02
-7.653762784526445540e-01 -1.472912663629381558e-01
-7.181320472620978945e-01 -1.636581677910639576e-01
-6.803366483775437068e-01 -1.309259893646487483e-01
-6.897854221528594287e-01 -8.182689824629185704e-02
-8.598643203410871738e-01 1.145711037498716722e-01
-8.693130905964604471e-01 1.636701765773920236e-01
-9.071183272106465578e-01 1.309361296079895876e-01
-8.976695513233653445e-01 8.183702751513080575e-02
-8.504155444538060715e-01 6.547200165701286267e-02
-8.126201466252345185e-01 9.820418557067900345e-02
-8.220689225125157318e-01 1.473032876635377852e-01
-6.614391008269122629e-01 -2.291241716013625307e-01
-6.708878746022279849e-01 -1.800250804830056395e-01
-7.086832731347879610e-01 -2.127572607385044834e-01
-6.992345000634607732e-01 -2.618563481986940777e-01
-6.519903263476081179e-01 -2.782232663778867465e-01
-6.141948699883598151e-01 -2.454910712004046702e-01
-6.236436430596870029e-01 -1.963919837402150759e-01
-9.260158733533010444e-01 2.291343045283687763e-01
-9.354646436086742067e-01 2.782333773558891554e-01
-9.732601055998303385e-01 2.455012114437455373e-01
-9.638113297125492362e-01 1.964021093508867000e-01
-9.165670974660198311e-01 1.800352024355099945e-01
-8.787618664837416604e-01 2.127692786702508054e-01
-8.882106423710227627e-01 2.618683807631096427e-01
-5.952973238457053284e-01 -3.436892461207838867e-01
-6.047460969170326273e-01 -2.945901586605942368e-01
-6.425415532762809301e-01 -3.273223538380762854e-01
-6.330927802049537423e-01 -3.764214412982659352e-01
-5.858485479584242261e-01 -3.927883482136426685e-01
-5.480531501298528951e-01 -3.600561642999765000e-01
-5.575019232011800829e-01 -3.109570768397869056e-01
-9.921576461105768852e-01 3.436993570987862401e-01
-1.001606421997857987e+00 3.927984591916450774e-01
-1.039401825458337481e+00 3.600663045433173948e-01
-1.029953049571056267e+00 3.109672024504585575e-01
-9.827088758552036118e-01 2.946002842712658887e-01
-9.449134194959554200e-01 3.273324794487479927e-01
-9.543621953832366334e-01 3.764315815416068300e-01
-5.291556039871984085e-01 -4.582543392203556887e-01
-5.386043742425716818e-01 -4.091552663928352818e-01
-5.763997777030509528e-01 -4.418874210411630199e-01
-5.669510018157697395e-01 -4.909865231340218017e-01
-5.197068280999173062e-01 -5.073534413132144705e-01
-4.819113717406689479e-01 -4.746212461357324219e-01
-4.913601476279501057e-01 -4.255221440428735846e-01
-4.630138255980145168e-01 -5.728194210561116106e-01
-4.724625958533877346e-01 -5.237203482285912592e-01
-5.102580578445440329e-01 -5.564525141407349329e-01
-5.008092819572628196e-01 -6.055516162335936592e-01
-4.535650553426412990e-01 -6.219184938836319620e-01
-4.157696518821618614e-01 -5.891863392353042794e-01
-4.252184277694430747e-01 -5.400872371424454421e-01
-3.968721001075994903e-01 -6.873845434210218430e-01
-4.063208759948807036e-01 -6.382854413281631167e-01
-4.441162794553600857e-01 -6.710175959764907994e-01
-4.346675035680789279e-01 -7.201166980693496367e-01
-3.874233354841342125e-01 -7.364835869832038195e-01
-3.496180988699481573e-01 -7.037495400138014112e-01
-3.590668747572293151e-01 -6.546504379209425739e-01
-3.307205470953857862e-01 -8.019477441995189748e-01
-3.401693229826669995e-01 -7.528486421066601375e-01
-3.779745595968530547e-01 -7.855826890760626569e-01
-3.685257837095718969e-01 -8.346817911689213831e-01
-3.212717824719205084e-01 -8.510467877617009513e-01
-2.834763497461026960e-01 -8.183146274814652177e-01
-2.929251256333838538e-01 -7.692155253886064914e-01
-2.645787979715402694e-01 -9.165128316671828923e-01
-2.740275738588214827e-01 -8.674137295743240550e-01
-3.118230065846393506e-01 -9.001458898545597886e-01
-3.023742306973581373e-01 -9.492449919474185149e-01
-2.551300333480750471e-01 -9.656118752293648688e-01
-2.173346006222572346e-01 -9.328797149491291352e-01
-2.267833765095384202e-01 -8.837806128562704089e-01
-1.984370488476948635e-01 -1.031077919134846699e+00
-2.078858247349760491e-01 -9.819788170419879725e-01
-2.456812574607938338e-01 -1.014710977322223595e+00
-2.362324815735126482e-01 -1.063810079415082432e+00
-1.889882842242295857e-01 -1.080176962697028564e+00
-1.511928514984118010e-01 -1.047444802416793053e+00
-1.606416273856929866e-01 -9.983457003239342153e-01
9.260162346112863485e-01 -5.744877459162855970e-06
9.165674615399591607e-01 4.909334258273043150e-02
8.787720051807109689e-01 1.636114740524838296e-02
8.882207782520381567e-01 -3.273794005494121140e-02
9.354650076826136473e-01 -4.910483233764875721e-02
9.732604083271390039e-01 -1.637266305665180388e-02
9.638116352558118161e-01 3.272642440353779048e-02
9.921579572857474050e-01 -1.145708526097001800e-01
9.827091813984661917e-01 -6.547175051684139824e-02
9.449137835698947496e-01 -9.820393443050756677e-02
9.543625538252680229e-01 -1.473030072580279182e-01
1.001606727541120678e+00 -1.636699254372205870e-01
1.039402183900368870e+00 -1.309377302597385107e-01
1.029953413644995708e+00 -8.183865743221815925e-02
8.598744569260911019e-01 1.145593333001294623e-01
8.504256831507753800e-01 1.636584244184863535e-01
8.126204511125144636e-01 1.309243536709964739e-01
8.220692252398243971e-01 8.182526072355592039e-02
8.693232307014068239e-01 6.546024218177257104e-02
9.071186884686319729e-01 9.819243004292002586e-02
8.976699143413220394e-01 1.472915229903605794e-01
1.058299735674931297e+00 -2.291359344454561298e-01
1.048850959787650083e+00 -1.800368323525972925e-01
1.011055503428401892e+00 -2.127690275300793687e-01
1.020504273683775054e+00 -2.618681003575997757e-01
1.067748505930304681e+00 -2.782350072729764534e-01
1.105543903758876123e+00 -2.455028233593103681e-01
1.096095133503502739e+00 -1.964037505317899612e-01
7.937229032098888082e-01 2.291225377367938909e-01
7.842741301385616204e-01 2.782216251969834575e-01
7.464787309020131101e-01 2.454894485996519382e-01
7.559275046773288320e-01 1.963903574812950470e-01
8.031716773371987417e-01 1.800234447893533374e-01
8.409769093754596581e-01 2.127575155368432447e-01
8.315281356001439361e-01 2.618566066552001637e-01
7.275811833513817772e-01 3.436876308363657206e-01
7.181324102800545894e-01 3.927867182965553150e-01
6.803369539208062866e-01 3.600545231190732665e-01
6.897857269921335854e-01 3.109554356588836721e-01
7.370299564227089650e-01 2.945885433761761263e-01
7.748253570672344326e-01 3.273207126571731074e-01
7.653765839959071338e-01 3.764198001173626462e-01
6.614394077781519110e-01 4.582526980394524552e-01
6.519906318908706977e-01 5.073518001323111815e-01
6.141952340622992557e-01 4.746196162186451240e-01
6.236440043176725290e-01 4.255205433911246615e-01
6.708881780335251843e-01 4.091536252119321038e-01
7.086836343927733761e-01 4.418858203894140968e-01
6.992348641374001028e-01 4.909848932169345037e-01
5.952976879196448801e-01 5.728177911390243127e-01
5.858489120323636667e-01 6.219168932318830390e-01
5.480534556731153639e-01 5.891846980544009904e-01
5.575022259284886372e-01 5.400856252268806390e-01
6.047464581750181534e-01 5.237187183115038502e-01
6.425418560035895954e-01 5.564509022251700188e-01
6.330930857482163221e-01 6.055499750526903702e-01
5.291559095304609883e-01 6.873828729747801791e-01
5.197071336431797750e-01 7.364819750676390164e-01
4.819117301827004485e-01 7.037498204193112228e-01
4.913605060699816618e-01 6.546507183264524965e-01
5.386046854177420906e-01 6.382837708819213418e-01
5.764001361450824534e-01 6.710159953247418763e-01
5.669513602578013511e-01 7.201150974176006025e-01
4.630141896719540129e-01 8.019479660743520366e-01
4.535654137846728551e-01 8.510470681672107629e-01
4.157699517935165567e-01 8.183149022550672003e-01
4.252187276807977145e-01 7.692158001622083630e-01
4.724629655592351707e-01 7.528488639814931993e-01
5.102583577558985617e-01 7.855810771604977427e-01
5.008095818686173484e-01 8.346801792533565800e-01
3.968724112827700656e-01 9.165130479101080141e-01
3.874236353954889078e-01 9.656121500029667404e-01
3.496282319350094703e-01 9.328799953546390578e-01
3.590770078222906836e-01 8.837808932617802204e-01
4.063211871700512789e-01 8.674139458172491768e-01
4.441166378973916418e-01 9.001461702600696002e-01
4.346678620101104285e-01 9.492452723529284375e-01
3.307306914242630347e-01 1.031078141009679650e+00
3.212819155369818214e-01 1.080177243102538487e+00
2.834766789227957662e-01 1.047443196133136301e+00
2.929254548100769240e-01 9.983440940402773522e-01
3.401794673115442480e-01 9.819790389168210343e-01
3.779748595082077500e-01 1.014711252095825467e+00
3.685260836209265367e-01 1.063810354188684304e+00
-9.260162346112863485e-01 5.744877459162855970e-06
-9.354650076826136473e-01 4.910483233764875721e-02
-9.732604083271390039e-01 1.637266305665180388e-02
-9.638116352558118161e-01 -3.272642440353779048e-02
-9.165674615399591607e-01 -4.909334258273043150e-02
-8.787720051807109689e-01 -1.636114740524838296e-02
-8.882207782520381567e-01 3.273794005494121140e-02
-8.598744569260911019e-01 -1.145593333001294623e-01
-8.693232307014068239e-01 -6.546024218177257104e-02
-9.071186884686319729e-01 -9.819243004292002586e-02
-8.976699143413220394e-01 -1.472915229903605794e-01
-8.504256831507753800e-01 -1.636584244184863535e-01
-8.126204511125144636e-01 -1.309243536709964739e-01
-8.220692252398243971e-01 -8.182526072355592039e-02
-9.921579572857474050e-01 1.145708526097001800e-01
-1.001606727541120678e+00 1.636699254372205870e-01
-1.039402183900368870e+00 1.309377302597385107e-01
-1.029953413644995708e+00 8.183865743221815925e-02
-9.827091813984661917e-01 6.547175051684139824e-02
-9.449137835698947496e-01 9.820393443050756677e-02
-9.543625538252680229e-01 1.473030072580279182e-01
-7.937229032098888082e-01 -2.291225377367938909e-01
-8.031716773371987417e-01 -1.800234447893533374e-01
-8.409769093754596581e-01 -2.127575155368432447e-01
-8.315281356001439361e-01 -2.618566066552001637e-01
-7.842741301385616204e-01 -2.782216251969834575e-01
-7.464787309020131101e-01 -2.454894485996519382e-01
-7.559275046773288320e-01 -1.963903574812950470e-01
-1.058299735674931297e+00 2.291359344454561298e-01
-1.067748505930304681e+00 2.782350072729764534e-01
-1.105543903758876123e+00 2.455028233593103681e-01
-1.096095133503502739e+00 1.964037505317899612e-01
-1.048850959787650083e+00 1.800368323525972925e-01
-1.011055503428401892e+00 2.127690275300793687e-01
-1.020504273683775054e+00 2.618681003575997757e-01
-7.275811833513817772e-01 -3.436876308363657206e-01
-7.370299564227089650e-01 -2.945885433761761263e-01
-7.748253570672344326e-01 -3.273207126571731074e-01
-7.653765839959071338e-01 -3.764198001173626462e-01
-7.181324102800545894e-01 -3.927867182965553150e-01
-6.803369539208062866e-01 -3.600545231190732665e-01
-6.897857269921335854e-01 -3.109554356588836721e-01
-6.614394077781519110e-01 -4.582526980394524552e-01
-6.708881780335251843e-01 -4.091536252119321038e-01
-7.086836343927733761e-01 -4.418858203894140968e-01
-6.992348641374001028e-01 -4.909848932169345037e-01
-6.519906318908706977e-01 -5.073518001323111815e-01
-6.141952340622992557e-01 -4.746196162186451240e-01
-6.236440043176725290e-01 -4.255205433911246615e-01
-5.952976879196448801e-01 -5.728177911390243127e-01
-6.047464581750181534e-01 -5.237187183115038502e-01
-6.425418560035895954e-01 -5.564509022251700188e-01
-6.330930857482163221e-01 -6.055499750526903702e-01
-5.858489120323636667e-01 -6.219168932318830390e-01
-5.480534556731153639e-01 -5.891846980544009904e-01
-5.575022259284886372e-01 -5.400856252268806390e-01
-5.291559095304609883e-01 -6.873828729747801791e-01
-5.386046854177420906e-01 -6.382837708819213418e-01
-5.764001361450824534e-01 -6.710159953247418763e-01
-5.669513602578013511e-01 -7.201150974176006025e-01
-5.197071336431797750e-01 -7.364819750676390164e-01
-4.819117301827004485e-01 -7.037498204193112228e-01
-4.913605060699816618e-01 -6.546507183264524965e-01
-4.630141896719540129e-01 -8.019479660743520366e-01
-4.724629655592351707e-01 -7.528488639814931993e-01
-5.102583577558985617e-01 -7.855810771604977427e-01
-5.008095818686173484e-01 -8.346801792533565800e-01
-4.535654137846728551e-01 -8.510470681672107629e-01
-4.157699517935165567e-01 -8.183149022550672003e-01
-4.252187276807977145e-01 -7.692158001622083630e-01
-3.968724112827700656e-01 -9.165130479101080141e-01
-4.063211871700512789e-01 -8.674139458172491768e-01
-4.441166378973916418e-01 -9.001461702600696002e-01
-4.346678620101104285e-01 -9.492452723529284375e-01
-3.874236353954889078e-01 -9.656121500029667404e-01
-3.496282319350094703e-01 -9.328799953546390578e-01
-3.590770078222906836e-01 -8.837808932617802204e-01
-3.307306914242630347e-01 -1.031078141009679650e+00
-3.401794673115442480e-01 -9.819790389168210343e-01
-3.779748595082077500e-01 -1.014711252095825467e+00
-3.685260836209265367e-01 -1.063810354188684304e+00
-3.212819155369818214e-01 -1.080177243102538487e+00
-2.834766789227957662e-01 -1.047443196133136301e+00
-2.929254548100769240e-01 -9.983440940402773522e-01
1.058300038402240073e+00 -7.386058362396363819e-06
1.048851265330912774e+00 4.909170140182719799e-02
1.011055864686387418e+00 1.635953212083024466e-02
1.020504637757714494e+00 -3.273955533935934969e-02
1.067748811473567150e+00 -4.910647351855199072e-02
1.105544267832815342e+00 -1.637427834106994218e-02
1.096095494761488043e+00 3.272480911911965218e-02
1.124441813975469717e+00 -1.145724532614491031e-01
1.114993043720096555e+00 -6.547338043392875173e-02
1.077197587360848363e+00 -9.820557561141077252e-02
1.086646357616221525e+00 -1.473046484389311794e-01
1.133890589862750931e+00 -1.636715553543078849e-01
1.171686046221999122e+00 -1.309393601768258641e-01
1.162237275966625960e+00 -8.184028734930545723e-02
9.921583185437329311e-01 1.145577070412094334e-01
9.827095444164229976e-01 1.636567999886499591e-01
9.449140870011919491e-01 1.309246102984188698e-01
9.543628607765076710e-01 8.182551918006197855e-02
1.001607091615060119e+00 6.545861958101983902e-02
1.039402490851608629e+00 9.819079617835138607e-02
1.029953717076292907e+00 1.472898872967082773e-01
9.260165394505605052e-01 2.291227925351326522e-01
9.165677656752447833e-01 2.782218836534895434e-01
8.787723664386963840e-01 2.454897070561579964e-01
8.882211405660063175e-01 1.963906141087174428e-01
9.354653132258762271e-01 1.800237014167757610e-01
9.732607706411072757e-01 2.127558911070068781e-01
9.638119965137973422e-01 2.618549840544474039e-01
8.598748202960420084e-01 3.436878819765372128e-01
8.504260472247147096e-01 3.927869694367267517e-01
8.126305880495126033e-01 3.600547888919138906e-01
8.220793611208397911e-01 3.109557014317243517e-01
8.693235933673691962e-01 2.945887945163475630e-01
9.071189911959406382e-01 3.273209784300137315e-01
8.976702181246134504e-01 3.764200658902033259e-01
7.937330390909042022e-01 4.582529784449622667e-01
7.842842688355309289e-01 5.073520512724827292e-01
7.464790378532527582e-01 4.746179750377418349e-01
7.559278081086260315e-01 4.255189022102214835e-01
8.031818149781854155e-01 4.091538763521035404e-01
8.409772713374336073e-01 4.418860715295855890e-01
8.315285010820603340e-01 4.909851443571059404e-01
7.275814860786904426e-01 5.728161792234593985e-01
7.181327158233171692e-01 6.219152520509798610e-01
6.803373179947457272e-01 5.891830681373136924e-01
6.897860882501190005e-01 5.400839953097933410e-01
7.370302619659715448e-01 5.237170771306005612e-01
7.748354929482497155e-01 5.564511533653414554e-01
7.653867226928765533e-01 6.055502261928619179e-01
6.614397662201833006e-01 6.873812723230312560e-01
6.519909903329021983e-01 7.364803744158900933e-01
6.141955396055619465e-01 7.037481499730695589e-01
6.236443154928430488e-01 6.546490478802107216e-01
6.708885421074645139e-01 6.382821702301724187e-01
7.086839455679438959e-01 6.710143248785001013e-01
6.992351696806627936e-01 7.201134269713589386e-01
5.952979878309995199e-01 8.019463541587871225e-01
5.858492119437184176e-01 8.510454562516459598e-01
5.480538197470548045e-01 8.183132430726414164e-01
5.575025956343360178e-01 7.692141409797825791e-01
6.047467637182807332e-01 7.528472520659283962e-01
6.425422257094368650e-01 7.855794179780719588e-01
6.330934498221556517e-01 8.346785200709307961e-01
5.291562679724924889e-01 9.165114472583589800e-01
5.197074920852112756e-01 9.656105493512178173e-01
4.819120413578709128e-01 9.328783249083973939e-01
4.913608172451521261e-01 8.837792228155385565e-01
5.386050438597737022e-01 8.674123451655001427e-01
5.764004473202530843e-01 9.001444998138279363e-01
5.669516714329718710e-01 9.492436019066867736e-01
4.630144895833085972e-01 1.031076529094114846e+00
4.535657136960273839e-01 1.080175631186973906e+00
4.157703214993639929e-01 1.047443418007969251e+00
4.252190973866452062e-01 9.983443159151104140e-01
4.724632654705897550e-01 9.819774270012561201e-01
5.102587274617460533e-01 1.014709592913399794e+00
5.008099515744648400e-01 1.063808695006258631e+00
-1.058300038402240073e+00 7.386058362396363819e-06
-1.067748811473567150e+00 4.910647351855199072e-02
-1.105544267832815342e+00 1.637427834106994218e-02
-1.096095494761488043e+00 -3.272480911911965218e-02
-1.048851265330912774e+00 -4.909170140182719799e-02
-1.011055864686387418e+00 -1.635953212083024466e-02
-1.020504637757714494e+00 3.273955533935934969e-02
-9.921583185437329311e-01 -1.145577070412094334e-01
-1.001607091615060119e+00 -6.545861958101983902e-02
-1.039402490851608629e+00 -9.819079617835138607e-02
-1.029953717076292907e+00 -1.472898872967082773e-01
-9.827095444164229976e-01 -1.636567999886499591e-01
-9.449140870011919491e-01 -1.309246102984188698e-01
-9.543628607765076710e-01 -8.182551918006197855e-02
-1.124441813975469717e+00 1.145724532614491031e-01
-1.133890589862750931e+00 1.636715553543078849e-01
-1.171686046221999122e+00 1.309393601768258641e-01
-1.162237275966625960e+00 8.184028734930545723e-02
-1.114993043720096555e+00 6.547338043392875173e-02
-1.077197587360848363e+00 9.820557561141077252e-02
-1.086646357616221525e+00 1.473046484389311794e-01
-9.260165394505605052e-01 -2.291227925351326522e-01
-9.354653132258762271e-01 -1.800237014167757610e-01
-9.732607706411072757e-01 -2.127558911070068781e-01
-9.638119965137973422e-01 -2.618549840544474039e-01
-9.165677656752447833e-01 -2.782218836534895434e-01
-8.787723664386963840e-01 -2.454897070561579964e-01
-8.882211405660063175e-01 -1.963906141087174428e-01
-8.598748202960420084e-01 -3.436878819765372128e-01
-8.693235933673691962e-01 -2.945887945163475630e-01
-9.071189911959406382e-01 -3.273209784300137315e-01
-8.976702181246134504e-01 -3.764200658902033259e-01
-8.504260472247147096e-01 -3.927869694367267517e-01
-8.126305880495126033e-01 -3.600547888919138906e-01
-8.220793611208397911e-01 -3.109557014317243517e-01
-7.937330390909042022e-01 -4.582529784449622667e-01
-8.031818149781854155e-01 -4.091538763521035404e-01
-8.409772713374336073e-01 -4.418860715295855890e-01
-8.315285010820603340e-01 -4.909851443571059404e-01
-7.842842688355309289e-01 -5.073520512724827292e-01
-7.464790378532527582e-01 -4.746179750377418349e-01
-7.559278081086260315e-01 -4.255189022102214835e-01
-7.275814860786904426e-01 -5.728161792234593985e-01
-7.370302619659715448e-01 -5.237170771306005612e-01
-7.748354929482497155e-01 -5.564511533653414554e-01
-7.653867226928765533e-01 -6.055502261928619179e-01
-7.181327158233171692e-01 -6.219152520509798610e-01
-6.803373179947457272e-01 -5.891830681373136924e-01
-6.897860882501190005e-01 -5.400839953097933410e-01
-6.614397662201833006e-01 -6.873812723230312560e-01
-6.708885421074645139e-01 -6.382821702301724187e-01
-7.086839455679438959e-01 -6.710143248785001013e-01
-6.992351696806627936e-01 -7.201134269713589386e-01
-6.519909903329021983e-01 -7.364803744158900933e-01
-6.141955396055619465e-01 -7.037481499730695589e-01
-6.236443154928430488e-01 -6.546490478802107216e-01
-5.952979878309995199e-01 -8.019463541587871225e-01
-6.047467637182807332e-01 -7.528472520659283962e-01
-6.425422257094368650e-01 -7.855794179780719588e-01
-6.330934498221556517e-01 -8.346785200709307961e-01
-5.858492119437184176e-01 -8.510454562516459598e-01
-5.480538197470548045e-01 -8.183132430726414164e-01
-5.575025956343360178e-01 -7.692141409797825791e-01
-5.291562679724924889e-01 -9.165114472583589800e-01
-5.386050438597737022e-01 -8.674123451655001427e-01
-5.764004473202530843e-01 -9.001444998138279363e-01
-5.669516714329718710e-01 -9.492436019066867736e-01
-5.197074920852112756e-01 -9.656105493512178173e-01
-4.819120413578709128e-01 -9.328783249083973939e-01
-4.913608172451521261e-01 -8.837792228155385565e-01
-4.630144895833085972e-01 -1.031076529094114846e+00
-4.724632654705897550e-01 -9.819774270012561201e-01
-5.102587274617460533e-01 -1.014709592913399794e+00
-5.008099515744648400e-01 -1.063808695006258631e+00
-4.535657136960273839e-01 -1.080175631186973906e+00
-4.157703214993639929e-01 -1.047443418007969251e+00
-4.252190973866452062e-01 -9.983443159151104140e-01
1.124442179457386226e+00 1.145560844404567014e-01
1.114993405682070504e+00 1.636551755588135926e-01
1.077197948618833667e+00 1.309229840394988409e-01
1.086646721690160966e+00 8.182389657930924654e-02
1.133890953936690371e+00 6.545698966393251328e-02
1.171686293234585063e+00 9.818916231378274628e-02
1.162237520163257765e+00 1.472882497739723406e-01
1.058300400716208012e+00 2.291211681052962579e-01
1.048851626588898078e+00 2.782202610527367836e-01
1.011056169525661463e+00 2.454880695334220597e-01
1.020504943300977185e+00 1.963889784150651685e-01
1.067749174491523734e+00 1.800220769869393944e-01
1.105544631906754782e+00 2.127542666771704838e-01
1.096095858131439060e+00 2.618533577955273750e-01
9.921586212710415964e-01 3.436862554283031113e-01
9.827098481997144086e-01 3.927853428884927611e-01
9.449144503711429666e-01 3.600531589748265926e-01
9.543632234424701544e-01 3.109540715146369982e-01
1.001607395750345741e+00 2.945871606517789232e-01
1.039402853517570779e+00 3.273193485129264335e-01
1.029954080446243703e+00 3.764184359731159724e-01
9.260169014125345655e-01 4.582513485278749688e-01
9.165681311571612921e-01 5.073504213553953202e-01
8.787726691660050493e-01 4.746182554432517020e-01
8.882214450532862626e-01 4.255191533503929202e-01
9.354656772998156677e-01 4.091522464350161870e-01
9.732610751283872208e-01 4.418844303486823000e-01
9.638122992411060075e-01 4.909835324415411373e-01
8.598751230233505627e-01 5.728164303636309462e-01
8.504263527679774004e-01 6.219155031911512976e-01
8.126309493074980184e-01 5.891833485428235040e-01
8.220797251947791207e-01 5.400842464499646667e-01
8.693238989106317760e-01 5.237173282707721089e-01
9.071193552698800788e-01 5.564495234482541575e-01
8.976705793825989765e-01 6.055486255411129948e-01
7.937334087967514717e-01 6.873814941978642068e-01
7.842846329094703695e-01 7.364805962907230441e-01
7.464891709183141266e-01 7.037484303785794815e-01
7.559379468055953399e-01 6.546493282857206442e-01
8.031821790521247451e-01 6.382824213703439664e-01
8.409775768806961871e-01 6.710146052840100239e-01
8.315288009934149738e-01 7.201137073768688612e-01
7.275916304075676910e-01 8.019465760336201843e-01
7.181428545202865887e-01 8.510456781264790216e-01
6.803376179061003670e-01 8.183116311570766133e-01
6.897863937933815803e-01 7.692125290642177760e-01
7.370403950310330243e-01 7.528475324714382078e-01
7.748358570221891561e-01 7.855796983835818814e-01
7.653870811349079428e-01 8.346788004764407187e-01
6.614400773953539314e-01 9.165097768121173161e-01
6.519913015080727181e-01 9.656088789049761534e-01
6.141958980475933361e-01 9.328767242566484708e-01
6.236446739348745494e-01 8.837776221637896334e-01
6.708888420188192647e-01 8.674107332499354506e-01
7.086940786330053754e-01 9.001447802193377479e-01
6.992453027457241621e-01 9.492438823121965852e-01
-1.124442179457386226e+00 -1.145560844404567014e-01
-1.133890953936690371e+00 -6.545698966393251328e-02
-1.171686293234585063e+00 -9.818916231378274628e-02
-1.162237520163257765e+00 -1.472882497739723406e-01
-1.114993405682070504e+00 -1.636551755588135926e-01
-1.077197948618833667e+00 -1.309229840394988409e-01
-1.086646721690160966e+00 -8.182389657930924654e-02
-1.058300400716208012e+00 -2.291211681052962579e-01
-1.067749174491523734e+00 -1.800220769869393944e-01
-1.105544631906754782e+00 -2.127542666771704838e-01
-1.096095858131439060e+00 -2.618533577955273750e-01
-1.048851626588898078e+00 -2.782202610527367836e-01
-1.011056169525661463e+00 -2.454880695334220597e-01
-1.020504943300977185e+00 -1.963889784150651685e-01
-9.921586212710415964e-01 -3.436862554283031113e-01
-1.001607395750345741e+00 -2.945871606517789232e-01
-1.039402853517570779e+00 -3.273193485129264335e-01
-1.029954080446243703e+00 -3.764184359731159724e-01
-9.827098481997144086e-01 -3.927853428884927611e-01
-9.449144503711429666e-01 -3.600531589748265926e-01
-9.543632234424701544e-01 -3.109540715146369982e-01
-9.260169014125345655e-01 -4.582513485278749688e-01
-9.354656772998156677e-01 -4.091522464350161870e-01
-9.732610751283872208e-01 -4.418844303486823000e-01
-9.638122992411060075e-01 -4.909835324415411373e-01
-9.165681311571612921e-01 -5.073504213553953202e-01
-8.787726691660050493e-01 -4.746182554432517020e-01
-8.882214450532862626e-01 -4.255191533503929202e-01
-8.598751230233505627e-01 -5.728164303636309462e-01
-8.693238989106317760e-01 -5.237173282707721089e-01
-9.071193552698800788e-01 -5.564495234482541575e-01
-8.976705793825989765e-01 -6.055486255411129948e-01
-8.504263527679774004e-01 -6.219155031911512976e-01
-8.126309493074980184e-01 -5.891833485428235040e-01
-8.220797251947791207e-01 -5.400842464499646667e-01
-7.937334087967514717e-01 -6.873814941978642068e-01
-8.031821790521247451e-01 -6.382824213703439664e-01
-8.409775768806961871e-01 -6.710146052840100239e-01
-8.315288009934149738e-01 -7.201137073768688612e-01
-7.842846329094703695e-01 -7.364805962907230441e-01
-7.464891709183141266e-01 -7.037484303785794815e-01
-7.559379468055953399e-01 -6.546493282857206442e-01
-7.275916304075676910e-01 -8.019465760336201843e-01
-7.370403950310330243e-01 -7.528475324714382078e-01
-7.748358570221891561e-01 -7.855796983835818814e-01
-7.653870811349079428e-01 -8.346788004764407187e-01
-7.181428545202865887e-01 -8.510456781264790216e-01
-6.803376179061003670e-01 -8.183116311570766133e-01
-6.897863937933815803e-01 -7.692125290642177760e-01
-6.614400773953539314e-01 -9.165097768121173161e-01
-6.708888420188192647e-01 -8.674107332499354506e-01
-7.086940786330053754e-01 -9.001447802193377479e-01
-6.992453027457241621e-01 -9.492438823121965852e-01
-6.519913015080727181e-01 -9.656088789049761534e-01
-6.141958980475933361e-01 -9.328767242566484708e-01
-6.236446739348745494e-01 -8.837776221637896334e-01
